CAMERA
0.01 0.0 0.0
0.0 1.0 0.0
0.0 0.0 1.0
90 90
600 600

AMBIENT
0.3 0.3 0.3

BACKGROUND
0.55 0.75 1.0

LIGHT
2.0 10.0 -5.0
1.0 1.0 1.0

SPHERE
-3.0 -1.0 9.0
3.0
0.2 0.2 0.2
0.8 0.8 0.8
0.4 0.4 0.4
0.0 0.0 0.0
1.5
64

TRIANGLE
10.0 -8.0 0.0
5.0 -8.0 0.0
10.0 -8.0 5.0
1.0 0.0 0.0
0.2 0.2 0.2
0.0 0.0 0.0
0.0 0.0 0.0
1.5
256.0

TRIANGLE
10.0 -8.0 5.0
5.0 -8.0 5.0
10.0 -8.0 10.0
1.0 1.0 0.0
0.2 0.2 0.2
0.0 0.0 0.0
0.0 0.0 0.0
1.5
256.0

TRIANGLE
10.0 -8.0 10.0
5.0 -8.0 10.0
10.0 -8.0 15.0
1.0 0.0 0.0
0.2 0.2 0.2
0.0 0.0 0.0
0.0 0.0 0.0
1.5
256.0

TRIANGLE
10.0 -8.0 15.0
5.0 -8.0 15.0
10.0 -8.0 20.0
1.0 1.0 0.0
0.2 0.2 0.2
0.0 0.0 0.0
0.0 0.0 0.0
1.5
256.0

TRIANGLE
10.0 -8.0 20.0
5.0 -8.0 20.0
10.0 -8.0 25.0
1.0 0.0 0.0
0.2 0.2 0.2
0.0 0.0 0.0
0.0 0.0 0.0
1.5
256.0

TRIANGLE
10.0 -8.0 25.0
5.0 -8.0 25.0
10.0 -8.0 30.0
1.0 1.0 0.0
0.2 0.2 0.2
0.0 0.0 0.0
0.0 0.0 0.0
1.5
256.0

TRIANGLE
10.0 -8.0 30.0
5.0 -8.0 30.0
10.0 -8.0 35.0
1.0 0.0 0.0
0.2 0.2 0.2
0.0 0.0 0.0
0.0 0.0 0.0
1.5
256.0

TRIANGLE
10.0 -8.0 35.0
5.0 -8.0 35.0
10.0 -8.0 40.0
1.0 1.0 0.0
0.2 0.2 0.2
0.0 0.0 0.0
0.0 0.0 0.0
1.5
256.0

TRIANGLE
10.0 -8.0 40.0
5.0 -8.0 40.0
10.0 -8.0 45.0
1.0 0.0 0.0
0.2 0.2 0.2
0.0 0.0 0.0
0.0 0.0 0.0
1.5
256.0

TRIANGLE
10.0 -8.0 45.0
5.0 -8.0 45.0
10.0 -8.0 50.0
1.0 1.0 0.0
0.2 0.2 0.2
0.0 0.0 0.0
0.0 0.0 0.0
1.5
256.0

TRIANGLE
10.0 -8.0 50.0
5.0 -8.0 50.0
10.0 -8.0 55.0
1.0 0.0 0.0
0.2 0.2 0.2
0.0 0.0 0.0
0.0 0.0 0.0
1.5
256.0

TRIANGLE
10.0 -8.0 55.0
5.0 -8.0 55.0
10.0 -8.0 60.0
1.0 1.0 0.0
0.2 0.2 0.2
0.0 0.0 0.0
0.0 0.0 0.0
1.5
256.0

TRIANGLE
10.0 -8.0 60.0
5.0 -8.0 60.0
10.0 -8.0 65.0
1.0 0.0 0.0
0.2 0.2 0.2
0.0 0.0 0.0
0.0 0.0 0.0
1.5
256.0

TRIANGLE
10.0 -8.0 65.0
5.0 -8.0 65.0
10.0 -8.0 70.0
1.0 1.0 0.0
0.2 0.2 0.2
0.0 0.0 0.0
0.0 0.0 0.0
1.5
256.0

TRIANGLE
10.0 -8.0 70.0
5.0 -8.0 70.0
10.0 -8.0 75.0
1.0 0.0 0.0
0.2 0.2 0.2
0.0 0.0 0.0
0.0 0.0 0.0
1.5
256.0

TRIANGLE
10.0 -8.0 75.0
5.0 -8.0 75.0
10.0 -8.0 80.0
1.0 1.0 0.0
0.2 0.2 0.2
0.0 0.0 0.0
0.0 0.0 0.0
1.5
256.0

TRIANGLE
5.0 -8.0 0.0
0.0 -8.0 0.0
5.0 -8.0 5.0
1.0 1.0 0.0
0.2 0.2 0.2
0.0 0.0 0.0
0.0 0.0 0.0
1.5
256.0

TRIANGLE
5.0 -8.0 5.0
0.0 -8.0 5.0
5.0 -8.0 10.0
1.0 0.0 0.0
0.2 0.2 0.2
0.0 0.0 0.0
0.0 0.0 0.0
1.5
256.0

TRIANGLE
5.0 -8.0 10.0
0.0 -8.0 10.0
5.0 -8.0 15.0
1.0 1.0 0.0
0.2 0.2 0.2
0.0 0.0 0.0
0.0 0.0 0.0
1.5
256.0

TRIANGLE
5.0 -8.0 15.0
0.0 -8.0 15.0
5.0 -8.0 20.0
1.0 0.0 0.0
0.2 0.2 0.2
0.0 0.0 0.0
0.0 0.0 0.0
1.5
256.0

TRIANGLE
5.0 -8.0 20.0
0.0 -8.0 20.0
5.0 -8.0 25.0
1.0 1.0 0.0
0.2 0.2 0.2
0.0 0.0 0.0
0.0 0.0 0.0
1.5
256.0

TRIANGLE
5.0 -8.0 25.0
0.0 -8.0 25.0
5.0 -8.0 30.0
1.0 0.0 0.0
0.2 0.2 0.2
0.0 0.0 0.0
0.0 0.0 0.0
1.5
256.0

TRIANGLE
5.0 -8.0 30.0
0.0 -8.0 30.0
5.0 -8.0 35.0
1.0 1.0 0.0
0.2 0.2 0.2
0.0 0.0 0.0
0.0 0.0 0.0
1.5
256.0

TRIANGLE
5.0 -8.0 35.0
0.0 -8.0 35.0
5.0 -8.0 40.0
1.0 0.0 0.0
0.2 0.2 0.2
0.0 0.0 0.0
0.0 0.0 0.0
1.5
256.0

TRIANGLE
5.0 -8.0 40.0
0.0 -8.0 40.0
5.0 -8.0 45.0
1.0 1.0 0.0
0.2 0.2 0.2
0.0 0.0 0.0
0.0 0.0 0.0
1.5
256.0

TRIANGLE
5.0 -8.0 45.0
0.0 -8.0 45.0
5.0 -8.0 50.0
1.0 0.0 0.0
0.2 0.2 0.2
0.0 0.0 0.0
0.0 0.0 0.0
1.5
256.0

TRIANGLE
5.0 -8.0 50.0
0.0 -8.0 50.0
5.0 -8.0 55.0
1.0 1.0 0.0
0.2 0.2 0.2
0.0 0.0 0.0
0.0 0.0 0.0
1.5
256.0

TRIANGLE
5.0 -8.0 55.0
0.0 -8.0 55.0
5.0 -8.0 60.0
1.0 0.0 0.0
0.2 0.2 0.2
0.0 0.0 0.0
0.0 0.0 0.0
1.5
256.0

TRIANGLE
5.0 -8.0 60.0
0.0 -8.0 60.0
5.0 -8.0 65.0
1.0 1.0 0.0
0.2 0.2 0.2
0.0 0.0 0.0
0.0 0.0 0.0
1.5
256.0

TRIANGLE
5.0 -8.0 65.0
0.0 -8.0 65.0
5.0 -8.0 70.0
1.0 0.0 0.0
0.2 0.2 0.2
0.0 0.0 0.0
0.0 0.0 0.0
1.5
256.0

TRIANGLE
5.0 -8.0 70.0
0.0 -8.0 70.0
5.0 -8.0 75.0
1.0 1.0 0.0
0.2 0.2 0.2
0.0 0.0 0.0
0.0 0.0 0.0
1.5
256.0

TRIANGLE
5.0 -8.0 75.0
0.0 -8.0 75.0
5.0 -8.0 80.0
1.0 0.0 0.0
0.2 0.2 0.2
0.0 0.0 0.0
0.0 0.0 0.0
1.5
256.0

TRIANGLE
0.0 -8.0 0.0
-5.0 -8.0 0.0
0.0 -8.0 5.0
1.0 0.0 0.0
0.2 0.2 0.2
0.0 0.0 0.0
0.0 0.0 0.0
1.5
256.0

TRIANGLE
0.0 -8.0 5.0
-5.0 -8.0 5.0
0.0 -8.0 10.0
1.0 1.0 0.0
0.2 0.2 0.2
0.0 0.0 0.0
0.0 0.0 0.0
1.5
256.0

TRIANGLE
0.0 -8.0 10.0
-5.0 -8.0 10.0
0.0 -8.0 15.0
1.0 0.0 0.0
0.2 0.2 0.2
0.0 0.0 0.0
0.0 0.0 0.0
1.5
256.0

TRIANGLE
0.0 -8.0 15.0
-5.0 -8.0 15.0
0.0 -8.0 20.0
1.0 1.0 0.0
0.2 0.2 0.2
0.0 0.0 0.0
0.0 0.0 0.0
1.5
256.0

TRIANGLE
0.0 -8.0 20.0
-5.0 -8.0 20.0
0.0 -8.0 25.0
1.0 0.0 0.0
0.2 0.2 0.2
0.0 0.0 0.0
0.0 0.0 0.0
1.5
256.0

TRIANGLE
0.0 -8.0 25.0
-5.0 -8.0 25.0
0.0 -8.0 30.0
1.0 1.0 0.0
0.2 0.2 0.2
0.0 0.0 0.0
0.0 0.0 0.0
1.5
256.0

TRIANGLE
0.0 -8.0 30.0
-5.0 -8.0 30.0
0.0 -8.0 35.0
1.0 0.0 0.0
0.2 0.2 0.2
0.0 0.0 0.0
0.0 0.0 0.0
1.5
256.0

TRIANGLE
0.0 -8.0 35.0
-5.0 -8.0 35.0
0.0 -8.0 40.0
1.0 1.0 0.0
0.2 0.2 0.2
0.0 0.0 0.0
0.0 0.0 0.0
1.5
256.0

TRIANGLE
0.0 -8.0 40.0
-5.0 -8.0 40.0
0.0 -8.0 45.0
1.0 0.0 0.0
0.2 0.2 0.2
0.0 0.0 0.0
0.0 0.0 0.0
1.5
256.0

TRIANGLE
0.0 -8.0 45.0
-5.0 -8.0 45.0
0.0 -8.0 50.0
1.0 1.0 0.0
0.2 0.2 0.2
0.0 0.0 0.0
0.0 0.0 0.0
1.5
256.0

TRIANGLE
0.0 -8.0 50.0
-5.0 -8.0 50.0
0.0 -8.0 55.0
1.0 0.0 0.0
0.2 0.2 0.2
0.0 0.0 0.0
0.0 0.0 0.0
1.5
256.0

TRIANGLE
0.0 -8.0 55.0
-5.0 -8.0 55.0
0.0 -8.0 60.0
1.0 1.0 0.0
0.2 0.2 0.2
0.0 0.0 0.0
0.0 0.0 0.0
1.5
256.0

TRIANGLE
0.0 -8.0 60.0
-5.0 -8.0 60.0
0.0 -8.0 65.0
1.0 0.0 0.0
0.2 0.2 0.2
0.0 0.0 0.0
0.0 0.0 0.0
1.5
256.0

TRIANGLE
0.0 -8.0 65.0
-5.0 -8.0 65.0
0.0 -8.0 70.0
1.0 1.0 0.0
0.2 0.2 0.2
0.0 0.0 0.0
0.0 0.0 0.0
1.5
256.0

TRIANGLE
0.0 -8.0 70.0
-5.0 -8.0 70.0
0.0 -8.0 75.0
1.0 0.0 0.0
0.2 0.2 0.2
0.0 0.0 0.0
0.0 0.0 0.0
1.5
256.0

TRIANGLE
0.0 -8.0 75.0
-5.0 -8.0 75.0
0.0 -8.0 80.0
1.0 1.0 0.0
0.2 0.2 0.2
0.0 0.0 0.0
0.0 0.0 0.0
1.5
256.0

TRIANGLE
-5.0 -8.0 0.0
-10.0 -8.0 0.0
-5.0 -8.0 5.0
1.0 1.0 0.0
0.2 0.2 0.2
0.0 0.0 0.0
0.0 0.0 0.0
1.5
256.0

TRIANGLE
-5.0 -8.0 5.0
-10.0 -8.0 5.0
-5.0 -8.0 10.0
1.0 0.0 0.0
0.2 0.2 0.2
0.0 0.0 0.0
0.0 0.0 0.0
1.5
256.0

TRIANGLE
-5.0 -8.0 10.0
-10.0 -8.0 10.0
-5.0 -8.0 15.0
1.0 1.0 0.0
0.2 0.2 0.2
0.0 0.0 0.0
0.0 0.0 0.0
1.5
256.0

TRIANGLE
-5.0 -8.0 15.0
-10.0 -8.0 15.0
-5.0 -8.0 20.0
1.0 0.0 0.0
0.2 0.2 0.2
0.0 0.0 0.0
0.0 0.0 0.0
1.5
256.0

TRIANGLE
-5.0 -8.0 20.0
-10.0 -8.0 20.0
-5.0 -8.0 25.0
1.0 1.0 0.0
0.2 0.2 0.2
0.0 0.0 0.0
0.0 0.0 0.0
1.5
256.0

TRIANGLE
-5.0 -8.0 25.0
-10.0 -8.0 25.0
-5.0 -8.0 30.0
1.0 0.0 0.0
0.2 0.2 0.2
0.0 0.0 0.0
0.0 0.0 0.0
1.5
256.0

TRIANGLE
-5.0 -8.0 30.0
-10.0 -8.0 30.0
-5.0 -8.0 35.0
1.0 1.0 0.0
0.2 0.2 0.2
0.0 0.0 0.0
0.0 0.0 0.0
1.5
256.0

TRIANGLE
-5.0 -8.0 35.0
-10.0 -8.0 35.0
-5.0 -8.0 40.0
1.0 0.0 0.0
0.2 0.2 0.2
0.0 0.0 0.0
0.0 0.0 0.0
1.5
256.0

TRIANGLE
-5.0 -8.0 40.0
-10.0 -8.0 40.0
-5.0 -8.0 45.0
1.0 1.0 0.0
0.2 0.2 0.2
0.0 0.0 0.0
0.0 0.0 0.0
1.5
256.0

TRIANGLE
-5.0 -8.0 45.0
-10.0 -8.0 45.0
-5.0 -8.0 50.0
1.0 0.0 0.0
0.2 0.2 0.2
0.0 0.0 0.0
0.0 0.0 0.0
1.5
256.0

TRIANGLE
-5.0 -8.0 50.0
-10.0 -8.0 50.0
-5.0 -8.0 55.0
1.0 1.0 0.0
0.2 0.2 0.2
0.0 0.0 0.0
0.0 0.0 0.0
1.5
256.0

TRIANGLE
-5.0 -8.0 55.0
-10.0 -8.0 55.0
-5.0 -8.0 60.0
1.0 0.0 0.0
0.2 0.2 0.2
0.0 0.0 0.0
0.0 0.0 0.0
1.5
256.0

TRIANGLE
-5.0 -8.0 60.0
-10.0 -8.0 60.0
-5.0 -8.0 65.0
1.0 1.0 0.0
0.2 0.2 0.2
0.0 0.0 0.0
0.0 0.0 0.0
1.5
256.0

TRIANGLE
-5.0 -8.0 65.0
-10.0 -8.0 65.0
-5.0 -8.0 70.0
1.0 0.0 0.0
0.2 0.2 0.2
0.0 0.0 0.0
0.0 0.0 0.0
1.5
256.0

TRIANGLE
-5.0 -8.0 70.0
-10.0 -8.0 70.0
-5.0 -8.0 75.0
1.0 1.0 0.0
0.2 0.2 0.2
0.0 0.0 0.0
0.0 0.0 0.0
1.5
256.0

TRIANGLE
-5.0 -8.0 75.0
-10.0 -8.0 75.0
-5.0 -8.0 80.0
1.0 0.0 0.0
0.2 0.2 0.2
0.0 0.0 0.0
0.0 0.0 0.0
1.5
256.0

TRIANGLE
-10.0 -8.0 0.0
-15.0 -8.0 0.0
-10.0 -8.0 5.0
1.0 0.0 0.0
0.2 0.2 0.2
0.0 0.0 0.0
0.0 0.0 0.0
1.5
256.0

TRIANGLE
-10.0 -8.0 5.0
-15.0 -8.0 5.0
-10.0 -8.0 10.0
1.0 1.0 0.0
0.2 0.2 0.2
0.0 0.0 0.0
0.0 0.0 0.0
1.5
256.0

TRIANGLE
-10.0 -8.0 10.0
-15.0 -8.0 10.0
-10.0 -8.0 15.0
1.0 0.0 0.0
0.2 0.2 0.2
0.0 0.0 0.0
0.0 0.0 0.0
1.5
256.0

TRIANGLE
-10.0 -8.0 15.0
-15.0 -8.0 15.0
-10.0 -8.0 20.0
1.0 1.0 0.0
0.2 0.2 0.2
0.0 0.0 0.0
0.0 0.0 0.0
1.5
256.0

TRIANGLE
-10.0 -8.0 20.0
-15.0 -8.0 20.0
-10.0 -8.0 25.0
1.0 0.0 0.0
0.2 0.2 0.2
0.0 0.0 0.0
0.0 0.0 0.0
1.5
256.0

TRIANGLE
-10.0 -8.0 25.0
-15.0 -8.0 25.0
-10.0 -8.0 30.0
1.0 1.0 0.0
0.2 0.2 0.2
0.0 0.0 0.0
0.0 0.0 0.0
1.5
256.0

TRIANGLE
-10.0 -8.0 30.0
-15.0 -8.0 30.0
-10.0 -8.0 35.0
1.0 0.0 0.0
0.2 0.2 0.2
0.0 0.0 0.0
0.0 0.0 0.0
1.5
256.0

TRIANGLE
-10.0 -8.0 35.0
-15.0 -8.0 35.0
-10.0 -8.0 40.0
1.0 1.0 0.0
0.2 0.2 0.2
0.0 0.0 0.0
0.0 0.0 0.0
1.5
256.0

TRIANGLE
-10.0 -8.0 40.0
-15.0 -8.0 40.0
-10.0 -8.0 45.0
1.0 0.0 0.0
0.2 0.2 0.2
0.0 0.0 0.0
0.0 0.0 0.0
1.5
256.0

TRIANGLE
-10.0 -8.0 45.0
-15.0 -8.0 45.0
-10.0 -8.0 50.0
1.0 1.0 0.0
0.2 0.2 0.2
0.0 0.0 0.0
0.0 0.0 0.0
1.5
256.0

TRIANGLE
-10.0 -8.0 50.0
-15.0 -8.0 50.0
-10.0 -8.0 55.0
1.0 0.0 0.0
0.2 0.2 0.2
0.0 0.0 0.0
0.0 0.0 0.0
1.5
256.0

TRIANGLE
-10.0 -8.0 55.0
-15.0 -8.0 55.0
-10.0 -8.0 60.0
1.0 1.0 0.0
0.2 0.2 0.2
0.0 0.0 0.0
0.0 0.0 0.0
1.5
256.0

TRIANGLE
-10.0 -8.0 60.0
-15.0 -8.0 60.0
-10.0 -8.0 65.0
1.0 0.0 0.0
0.2 0.2 0.2
0.0 0.0 0.0
0.0 0.0 0.0
1.5
256.0

TRIANGLE
-10.0 -8.0 65.0
-15.0 -8.0 65.0
-10.0 -8.0 70.0
1.0 1.0 0.0
0.2 0.2 0.2
0.0 0.0 0.0
0.0 0.0 0.0
1.5
256.0

TRIANGLE
-10.0 -8.0 70.0
-15.0 -8.0 70.0
-10.0 -8.0 75.0
1.0 0.0 0.0
0.2 0.2 0.2
0.0 0.0 0.0
0.0 0.0 0.0
1.5
256.0

TRIANGLE
-10.0 -8.0 75.0
-15.0 -8.0 75.0
-10.0 -8.0 80.0
1.0 1.0 0.0
0.2 0.2 0.2
0.0 0.0 0.0
0.0 0.0 0.0
1.5
256.0

TRIANGLE
-15.0 -8.0 0.0
-20.0 -8.0 0.0
-15.0 -8.0 5.0
1.0 1.0 0.0
0.2 0.2 0.2
0.0 0.0 0.0
0.0 0.0 0.0
1.5
256.0

TRIANGLE
-15.0 -8.0 5.0
-20.0 -8.0 5.0
-15.0 -8.0 10.0
1.0 0.0 0.0
0.2 0.2 0.2
0.0 0.0 0.0
0.0 0.0 0.0
1.5
256.0

TRIANGLE
-15.0 -8.0 10.0
-20.0 -8.0 10.0
-15.0 -8.0 15.0
1.0 1.0 0.0
0.2 0.2 0.2
0.0 0.0 0.0
0.0 0.0 0.0
1.5
256.0

TRIANGLE
-15.0 -8.0 15.0
-20.0 -8.0 15.0
-15.0 -8.0 20.0
1.0 0.0 0.0
0.2 0.2 0.2
0.0 0.0 0.0
0.0 0.0 0.0
1.5
256.0

TRIANGLE
-15.0 -8.0 20.0
-20.0 -8.0 20.0
-15.0 -8.0 25.0
1.0 1.0 0.0
0.2 0.2 0.2
0.0 0.0 0.0
0.0 0.0 0.0
1.5
256.0

TRIANGLE
-15.0 -8.0 25.0
-20.0 -8.0 25.0
-15.0 -8.0 30.0
1.0 0.0 0.0
0.2 0.2 0.2
0.0 0.0 0.0
0.0 0.0 0.0
1.5
256.0

TRIANGLE
-15.0 -8.0 30.0
-20.0 -8.0 30.0
-15.0 -8.0 35.0
1.0 1.0 0.0
0.2 0.2 0.2
0.0 0.0 0.0
0.0 0.0 0.0
1.5
256.0

TRIANGLE
-15.0 -8.0 35.0
-20.0 -8.0 35.0
-15.0 -8.0 40.0
1.0 0.0 0.0
0.2 0.2 0.2
0.0 0.0 0.0
0.0 0.0 0.0
1.5
256.0

TRIANGLE
-15.0 -8.0 40.0
-20.0 -8.0 40.0
-15.0 -8.0 45.0
1.0 1.0 0.0
0.2 0.2 0.2
0.0 0.0 0.0
0.0 0.0 0.0
1.5
256.0

TRIANGLE
-15.0 -8.0 45.0
-20.0 -8.0 45.0
-15.0 -8.0 50.0
1.0 0.0 0.0
0.2 0.2 0.2
0.0 0.0 0.0
0.0 0.0 0.0
1.5
256.0

TRIANGLE
-15.0 -8.0 50.0
-20.0 -8.0 50.0
-15.0 -8.0 55.0
1.0 1.0 0.0
0.2 0.2 0.2
0.0 0.0 0.0
0.0 0.0 0.0
1.5
256.0

TRIANGLE
-15.0 -8.0 55.0
-20.0 -8.0 55.0
-15.0 -8.0 60.0
1.0 0.0 0.0
0.2 0.2 0.2
0.0 0.0 0.0
0.0 0.0 0.0
1.5
256.0

TRIANGLE
-15.0 -8.0 60.0
-20.0 -8.0 60.0
-15.0 -8.0 65.0
1.0 1.0 0.0
0.2 0.2 0.2
0.0 0.0 0.0
0.0 0.0 0.0
1.5
256.0

TRIANGLE
-15.0 -8.0 65.0
-20.0 -8.0 65.0
-15.0 -8.0 70.0
1.0 0.0 0.0
0.2 0.2 0.2
0.0 0.0 0.0
0.0 0.0 0.0
1.5
256.0

TRIANGLE
-15.0 -8.0 70.0
-20.0 -8.0 70.0
-15.0 -8.0 75.0
1.0 1.0 0.0
0.2 0.2 0.2
0.0 0.0 0.0
0.0 0.0 0.0
1.5
256.0

TRIANGLE
-15.0 -8.0 75.0
-20.0 -8.0 75.0
-15.0 -8.0 80.0
1.0 0.0 0.0
0.2 0.2 0.2
0.0 0.0 0.0
0.0 0.0 0.0
1.5
256.0

TRIANGLE
-20.0 -8.0 0.0
-25.0 -8.0 0.0
-20.0 -8.0 5.0
1.0 0.0 0.0
0.2 0.2 0.2
0.0 0.0 0.0
0.0 0.0 0.0
1.5
256.0

TRIANGLE
-20.0 -8.0 5.0
-25.0 -8.0 5.0
-20.0 -8.0 10.0
1.0 1.0 0.0
0.2 0.2 0.2
0.0 0.0 0.0
0.0 0.0 0.0
1.5
256.0

TRIANGLE
-20.0 -8.0 10.0
-25.0 -8.0 10.0
-20.0 -8.0 15.0
1.0 0.0 0.0
0.2 0.2 0.2
0.0 0.0 0.0
0.0 0.0 0.0
1.5
256.0

TRIANGLE
-20.0 -8.0 15.0
-25.0 -8.0 15.0
-20.0 -8.0 20.0
1.0 1.0 0.0
0.2 0.2 0.2
0.0 0.0 0.0
0.0 0.0 0.0
1.5
256.0

TRIANGLE
-20.0 -8.0 20.0
-25.0 -8.0 20.0
-20.0 -8.0 25.0
1.0 0.0 0.0
0.2 0.2 0.2
0.0 0.0 0.0
0.0 0.0 0.0
1.5
256.0

TRIANGLE
-20.0 -8.0 25.0
-25.0 -8.0 25.0
-20.0 -8.0 30.0
1.0 1.0 0.0
0.2 0.2 0.2
0.0 0.0 0.0
0.0 0.0 0.0
1.5
256.0

TRIANGLE
-20.0 -8.0 30.0
-25.0 -8.0 30.0
-20.0 -8.0 35.0
1.0 0.0 0.0
0.2 0.2 0.2
0.0 0.0 0.0
0.0 0.0 0.0
1.5
256.0

TRIANGLE
-20.0 -8.0 35.0
-25.0 -8.0 35.0
-20.0 -8.0 40.0
1.0 1.0 0.0
0.2 0.2 0.2
0.0 0.0 0.0
0.0 0.0 0.0
1.5
256.0

TRIANGLE
-20.0 -8.0 40.0
-25.0 -8.0 40.0
-20.0 -8.0 45.0
1.0 0.0 0.0
0.2 0.2 0.2
0.0 0.0 0.0
0.0 0.0 0.0
1.5
256.0

TRIANGLE
-20.0 -8.0 45.0
-25.0 -8.0 45.0
-20.0 -8.0 50.0
1.0 1.0 0.0
0.2 0.2 0.2
0.0 0.0 0.0
0.0 0.0 0.0
1.5
256.0

TRIANGLE
-20.0 -8.0 50.0
-25.0 -8.0 50.0
-20.0 -8.0 55.0
1.0 0.0 0.0
0.2 0.2 0.2
0.0 0.0 0.0
0.0 0.0 0.0
1.5
256.0

TRIANGLE
-20.0 -8.0 55.0
-25.0 -8.0 55.0
-20.0 -8.0 60.0
1.0 1.0 0.0
0.2 0.2 0.2
0.0 0.0 0.0
0.0 0.0 0.0
1.5
256.0

TRIANGLE
-20.0 -8.0 60.0
-25.0 -8.0 60.0
-20.0 -8.0 65.0
1.0 0.0 0.0
0.2 0.2 0.2
0.0 0.0 0.0
0.0 0.0 0.0
1.5
256.0

TRIANGLE
-20.0 -8.0 65.0
-25.0 -8.0 65.0
-20.0 -8.0 70.0
1.0 1.0 0.0
0.2 0.2 0.2
0.0 0.0 0.0
0.0 0.0 0.0
1.5
256.0

TRIANGLE
-20.0 -8.0 70.0
-25.0 -8.0 70.0
-20.0 -8.0 75.0
1.0 0.0 0.0
0.2 0.2 0.2
0.0 0.0 0.0
0.0 0.0 0.0
1.5
256.0

TRIANGLE
-20.0 -8.0 75.0
-25.0 -8.0 75.0
-20.0 -8.0 80.0
1.0 1.0 0.0
0.2 0.2 0.2
0.0 0.0 0.0
0.0 0.0 0.0
1.5
256.0

TRIANGLE
-25.0 -8.0 0.0
-30.0 -8.0 0.0
-25.0 -8.0 5.0
1.0 1.0 0.0
0.2 0.2 0.2
0.0 0.0 0.0
0.0 0.0 0.0
1.5
256.0

TRIANGLE
-25.0 -8.0 5.0
-30.0 -8.0 5.0
-25.0 -8.0 10.0
1.0 0.0 0.0
0.2 0.2 0.2
0.0 0.0 0.0
0.0 0.0 0.0
1.5
256.0

TRIANGLE
-25.0 -8.0 10.0
-30.0 -8.0 10.0
-25.0 -8.0 15.0
1.0 1.0 0.0
0.2 0.2 0.2
0.0 0.0 0.0
0.0 0.0 0.0
1.5
256.0

TRIANGLE
-25.0 -8.0 15.0
-30.0 -8.0 15.0
-25.0 -8.0 20.0
1.0 0.0 0.0
0.2 0.2 0.2
0.0 0.0 0.0
0.0 0.0 0.0
1.5
256.0

TRIANGLE
-25.0 -8.0 20.0
-30.0 -8.0 20.0
-25.0 -8.0 25.0
1.0 1.0 0.0
0.2 0.2 0.2
0.0 0.0 0.0
0.0 0.0 0.0
1.5
256.0

TRIANGLE
-25.0 -8.0 25.0
-30.0 -8.0 25.0
-25.0 -8.0 30.0
1.0 0.0 0.0
0.2 0.2 0.2
0.0 0.0 0.0
0.0 0.0 0.0
1.5
256.0

TRIANGLE
-25.0 -8.0 30.0
-30.0 -8.0 30.0
-25.0 -8.0 35.0
1.0 1.0 0.0
0.2 0.2 0.2
0.0 0.0 0.0
0.0 0.0 0.0
1.5
256.0

TRIANGLE
-25.0 -8.0 35.0
-30.0 -8.0 35.0
-25.0 -8.0 40.0
1.0 0.0 0.0
0.2 0.2 0.2
0.0 0.0 0.0
0.0 0.0 0.0
1.5
256.0

TRIANGLE
-25.0 -8.0 40.0
-30.0 -8.0 40.0
-25.0 -8.0 45.0
1.0 1.0 0.0
0.2 0.2 0.2
0.0 0.0 0.0
0.0 0.0 0.0
1.5
256.0

TRIANGLE
-25.0 -8.0 45.0
-30.0 -8.0 45.0
-25.0 -8.0 50.0
1.0 0.0 0.0
0.2 0.2 0.2
0.0 0.0 0.0
0.0 0.0 0.0
1.5
256.0

TRIANGLE
-25.0 -8.0 50.0
-30.0 -8.0 50.0
-25.0 -8.0 55.0
1.0 1.0 0.0
0.2 0.2 0.2
0.0 0.0 0.0
0.0 0.0 0.0
1.5
256.0

TRIANGLE
-25.0 -8.0 55.0
-30.0 -8.0 55.0
-25.0 -8.0 60.0
1.0 0.0 0.0
0.2 0.2 0.2
0.0 0.0 0.0
0.0 0.0 0.0
1.5
256.0

TRIANGLE
-25.0 -8.0 60.0
-30.0 -8.0 60.0
-25.0 -8.0 65.0
1.0 1.0 0.0
0.2 0.2 0.2
0.0 0.0 0.0
0.0 0.0 0.0
1.5
256.0

TRIANGLE
-25.0 -8.0 65.0
-30.0 -8.0 65.0
-25.0 -8.0 70.0
1.0 0.0 0.0
0.2 0.2 0.2
0.0 0.0 0.0
0.0 0.0 0.0
1.5
256.0

TRIANGLE
-25.0 -8.0 70.0
-30.0 -8.0 70.0
-25.0 -8.0 75.0
1.0 1.0 0.0
0.2 0.2 0.2
0.0 0.0 0.0
0.0 0.0 0.0
1.5
256.0

TRIANGLE
-25.0 -8.0 75.0
-30.0 -8.0 75.0
-25.0 -8.0 80.0
1.0 0.0 0.0
0.2 0.2 0.2
0.0 0.0 0.0
0.0 0.0 0.0
1.5
256.0

TRIANGLE
-30.0 -8.0 0.0
-35.0 -8.0 0.0
-30.0 -8.0 5.0
1.0 0.0 0.0
0.2 0.2 0.2
0.0 0.0 0.0
0.0 0.0 0.0
1.5
256.0

TRIANGLE
-30.0 -8.0 5.0
-35.0 -8.0 5.0
-30.0 -8.0 10.0
1.0 1.0 0.0
0.2 0.2 0.2
0.0 0.0 0.0
0.0 0.0 0.0
1.5
256.0

TRIANGLE
-30.0 -8.0 10.0
-35.0 -8.0 10.0
-30.0 -8.0 15.0
1.0 0.0 0.0
0.2 0.2 0.2
0.0 0.0 0.0
0.0 0.0 0.0
1.5
256.0

TRIANGLE
-30.0 -8.0 15.0
-35.0 -8.0 15.0
-30.0 -8.0 20.0
1.0 1.0 0.0
0.2 0.2 0.2
0.0 0.0 0.0
0.0 0.0 0.0
1.5
256.0

TRIANGLE
-30.0 -8.0 20.0
-35.0 -8.0 20.0
-30.0 -8.0 25.0
1.0 0.0 0.0
0.2 0.2 0.2
0.0 0.0 0.0
0.0 0.0 0.0
1.5
256.0

TRIANGLE
-30.0 -8.0 25.0
-35.0 -8.0 25.0
-30.0 -8.0 30.0
1.0 1.0 0.0
0.2 0.2 0.2
0.0 0.0 0.0
0.0 0.0 0.0
1.5
256.0

TRIANGLE
-30.0 -8.0 30.0
-35.0 -8.0 30.0
-30.0 -8.0 35.0
1.0 0.0 0.0
0.2 0.2 0.2
0.0 0.0 0.0
0.0 0.0 0.0
1.5
256.0

TRIANGLE
-30.0 -8.0 35.0
-35.0 -8.0 35.0
-30.0 -8.0 40.0
1.0 1.0 0.0
0.2 0.2 0.2
0.0 0.0 0.0
0.0 0.0 0.0
1.5
256.0

TRIANGLE
-30.0 -8.0 40.0
-35.0 -8.0 40.0
-30.0 -8.0 45.0
1.0 0.0 0.0
0.2 0.2 0.2
0.0 0.0 0.0
0.0 0.0 0.0
1.5
256.0

TRIANGLE
-30.0 -8.0 45.0
-35.0 -8.0 45.0
-30.0 -8.0 50.0
1.0 1.0 0.0
0.2 0.2 0.2
0.0 0.0 0.0
0.0 0.0 0.0
1.5
256.0

TRIANGLE
-30.0 -8.0 50.0
-35.0 -8.0 50.0
-30.0 -8.0 55.0
1.0 0.0 0.0
0.2 0.2 0.2
0.0 0.0 0.0
0.0 0.0 0.0
1.5
256.0

TRIANGLE
-30.0 -8.0 55.0
-35.0 -8.0 55.0
-30.0 -8.0 60.0
1.0 1.0 0.0
0.2 0.2 0.2
0.0 0.0 0.0
0.0 0.0 0.0
1.5
256.0

TRIANGLE
-30.0 -8.0 60.0
-35.0 -8.0 60.0
-30.0 -8.0 65.0
1.0 0.0 0.0
0.2 0.2 0.2
0.0 0.0 0.0
0.0 0.0 0.0
1.5
256.0

TRIANGLE
-30.0 -8.0 65.0
-35.0 -8.0 65.0
-30.0 -8.0 70.0
1.0 1.0 0.0
0.2 0.2 0.2
0.0 0.0 0.0
0.0 0.0 0.0
1.5
256.0

TRIANGLE
-30.0 -8.0 70.0
-35.0 -8.0 70.0
-30.0 -8.0 75.0
1.0 0.0 0.0
0.2 0.2 0.2
0.0 0.0 0.0
0.0 0.0 0.0
1.5
256.0

TRIANGLE
-30.0 -8.0 75.0
-35.0 -8.0 75.0
-30.0 -8.0 80.0
1.0 1.0 0.0
0.2 0.2 0.2
0.0 0.0 0.0
0.0 0.0 0.0
1.5
256.0

TRIANGLE
-35.0 -8.0 0.0
-40.0 -8.0 0.0
-35.0 -8.0 5.0
1.0 1.0 0.0
0.2 0.2 0.2
0.0 0.0 0.0
0.0 0.0 0.0
1.5
256.0

TRIANGLE
-35.0 -8.0 5.0
-40.0 -8.0 5.0
-35.0 -8.0 10.0
1.0 0.0 0.0
0.2 0.2 0.2
0.0 0.0 0.0
0.0 0.0 0.0
1.5
256.0

TRIANGLE
-35.0 -8.0 10.0
-40.0 -8.0 10.0
-35.0 -8.0 15.0
1.0 1.0 0.0
0.2 0.2 0.2
0.0 0.0 0.0
0.0 0.0 0.0
1.5
256.0

TRIANGLE
-35.0 -8.0 15.0
-40.0 -8.0 15.0
-35.0 -8.0 20.0
1.0 0.0 0.0
0.2 0.2 0.2
0.0 0.0 0.0
0.0 0.0 0.0
1.5
256.0

TRIANGLE
-35.0 -8.0 20.0
-40.0 -8.0 20.0
-35.0 -8.0 25.0
1.0 1.0 0.0
0.2 0.2 0.2
0.0 0.0 0.0
0.0 0.0 0.0
1.5
256.0

TRIANGLE
-35.0 -8.0 25.0
-40.0 -8.0 25.0
-35.0 -8.0 30.0
1.0 0.0 0.0
0.2 0.2 0.2
0.0 0.0 0.0
0.0 0.0 0.0
1.5
256.0

TRIANGLE
-35.0 -8.0 30.0
-40.0 -8.0 30.0
-35.0 -8.0 35.0
1.0 1.0 0.0
0.2 0.2 0.2
0.0 0.0 0.0
0.0 0.0 0.0
1.5
256.0

TRIANGLE
-35.0 -8.0 35.0
-40.0 -8.0 35.0
-35.0 -8.0 40.0
1.0 0.0 0.0
0.2 0.2 0.2
0.0 0.0 0.0
0.0 0.0 0.0
1.5
256.0

TRIANGLE
-35.0 -8.0 40.0
-40.0 -8.0 40.0
-35.0 -8.0 45.0
1.0 1.0 0.0
0.2 0.2 0.2
0.0 0.0 0.0
0.0 0.0 0.0
1.5
256.0

TRIANGLE
-35.0 -8.0 45.0
-40.0 -8.0 45.0
-35.0 -8.0 50.0
1.0 0.0 0.0
0.2 0.2 0.2
0.0 0.0 0.0
0.0 0.0 0.0
1.5
256.0

TRIANGLE
-35.0 -8.0 50.0
-40.0 -8.0 50.0
-35.0 -8.0 55.0
1.0 1.0 0.0
0.2 0.2 0.2
0.0 0.0 0.0
0.0 0.0 0.0
1.5
256.0

TRIANGLE
-35.0 -8.0 55.0
-40.0 -8.0 55.0
-35.0 -8.0 60.0
1.0 0.0 0.0
0.2 0.2 0.2
0.0 0.0 0.0
0.0 0.0 0.0
1.5
256.0

TRIANGLE
-35.0 -8.0 60.0
-40.0 -8.0 60.0
-35.0 -8.0 65.0
1.0 1.0 0.0
0.2 0.2 0.2
0.0 0.0 0.0
0.0 0.0 0.0
1.5
256.0

TRIANGLE
-35.0 -8.0 65.0
-40.0 -8.0 65.0
-35.0 -8.0 70.0
1.0 0.0 0.0
0.2 0.2 0.2
0.0 0.0 0.0
0.0 0.0 0.0
1.5
256.0

TRIANGLE
-35.0 -8.0 70.0
-40.0 -8.0 70.0
-35.0 -8.0 75.0
1.0 1.0 0.0
0.2 0.2 0.2
0.0 0.0 0.0
0.0 0.0 0.0
1.5
256.0

TRIANGLE
-35.0 -8.0 75.0
-40.0 -8.0 75.0
-35.0 -8.0 80.0
1.0 0.0 0.0
0.2 0.2 0.2
0.0 0.0 0.0
0.0 0.0 0.0
1.5
256.0

TRIANGLE
-40.0 -8.0 0.0
-45.0 -8.0 0.0
-40.0 -8.0 5.0
1.0 0.0 0.0
0.2 0.2 0.2
0.0 0.0 0.0
0.0 0.0 0.0
1.5
256.0

TRIANGLE
-40.0 -8.0 5.0
-45.0 -8.0 5.0
-40.0 -8.0 10.0
1.0 1.0 0.0
0.2 0.2 0.2
0.0 0.0 0.0
0.0 0.0 0.0
1.5
256.0

TRIANGLE
-40.0 -8.0 10.0
-45.0 -8.0 10.0
-40.0 -8.0 15.0
1.0 0.0 0.0
0.2 0.2 0.2
0.0 0.0 0.0
0.0 0.0 0.0
1.5
256.0

TRIANGLE
-40.0 -8.0 15.0
-45.0 -8.0 15.0
-40.0 -8.0 20.0
1.0 1.0 0.0
0.2 0.2 0.2
0.0 0.0 0.0
0.0 0.0 0.0
1.5
256.0

TRIANGLE
-40.0 -8.0 20.0
-45.0 -8.0 20.0
-40.0 -8.0 25.0
1.0 0.0 0.0
0.2 0.2 0.2
0.0 0.0 0.0
0.0 0.0 0.0
1.5
256.0

TRIANGLE
-40.0 -8.0 25.0
-45.0 -8.0 25.0
-40.0 -8.0 30.0
1.0 1.0 0.0
0.2 0.2 0.2
0.0 0.0 0.0
0.0 0.0 0.0
1.5
256.0

TRIANGLE
-40.0 -8.0 30.0
-45.0 -8.0 30.0
-40.0 -8.0 35.0
1.0 0.0 0.0
0.2 0.2 0.2
0.0 0.0 0.0
0.0 0.0 0.0
1.5
256.0

TRIANGLE
-40.0 -8.0 35.0
-45.0 -8.0 35.0
-40.0 -8.0 40.0
1.0 1.0 0.0
0.2 0.2 0.2
0.0 0.0 0.0
0.0 0.0 0.0
1.5
256.0

TRIANGLE
-40.0 -8.0 40.0
-45.0 -8.0 40.0
-40.0 -8.0 45.0
1.0 0.0 0.0
0.2 0.2 0.2
0.0 0.0 0.0
0.0 0.0 0.0
1.5
256.0

TRIANGLE
-40.0 -8.0 45.0
-45.0 -8.0 45.0
-40.0 -8.0 50.0
1.0 1.0 0.0
0.2 0.2 0.2
0.0 0.0 0.0
0.0 0.0 0.0
1.5
256.0

TRIANGLE
-40.0 -8.0 50.0
-45.0 -8.0 50.0
-40.0 -8.0 55.0
1.0 0.0 0.0
0.2 0.2 0.2
0.0 0.0 0.0
0.0 0.0 0.0
1.5
256.0

TRIANGLE
-40.0 -8.0 55.0
-45.0 -8.0 55.0
-40.0 -8.0 60.0
1.0 1.0 0.0
0.2 0.2 0.2
0.0 0.0 0.0
0.0 0.0 0.0
1.5
256.0

TRIANGLE
-40.0 -8.0 60.0
-45.0 -8.0 60.0
-40.0 -8.0 65.0
1.0 0.0 0.0
0.2 0.2 0.2
0.0 0.0 0.0
0.0 0.0 0.0
1.5
256.0

TRIANGLE
-40.0 -8.0 65.0
-45.0 -8.0 65.0
-40.0 -8.0 70.0
1.0 1.0 0.0
0.2 0.2 0.2
0.0 0.0 0.0
0.0 0.0 0.0
1.5
256.0

TRIANGLE
-40.0 -8.0 70.0
-45.0 -8.0 70.0
-40.0 -8.0 75.0
1.0 0.0 0.0
0.2 0.2 0.2
0.0 0.0 0.0
0.0 0.0 0.0
1.5
256.0

TRIANGLE
-40.0 -8.0 75.0
-45.0 -8.0 75.0
-40.0 -8.0 80.0
1.0 1.0 0.0
0.2 0.2 0.2
0.0 0.0 0.0
0.0 0.0 0.0
1.5
256.0

TRIANGLE
-45.0 -8.0 0.0
-50.0 -8.0 0.0
-45.0 -8.0 5.0
1.0 1.0 0.0
0.2 0.2 0.2
0.0 0.0 0.0
0.0 0.0 0.0
1.5
256.0

TRIANGLE
-45.0 -8.0 5.0
-50.0 -8.0 5.0
-45.0 -8.0 10.0
1.0 0.0 0.0
0.2 0.2 0.2
0.0 0.0 0.0
0.0 0.0 0.0
1.5
256.0

TRIANGLE
-45.0 -8.0 10.0
-50.0 -8.0 10.0
-45.0 -8.0 15.0
1.0 1.0 0.0
0.2 0.2 0.2
0.0 0.0 0.0
0.0 0.0 0.0
1.5
256.0

TRIANGLE
-45.0 -8.0 15.0
-50.0 -8.0 15.0
-45.0 -8.0 20.0
1.0 0.0 0.0
0.2 0.2 0.2
0.0 0.0 0.0
0.0 0.0 0.0
1.5
256.0

TRIANGLE
-45.0 -8.0 20.0
-50.0 -8.0 20.0
-45.0 -8.0 25.0
1.0 1.0 0.0
0.2 0.2 0.2
0.0 0.0 0.0
0.0 0.0 0.0
1.5
256.0

TRIANGLE
-45.0 -8.0 25.0
-50.0 -8.0 25.0
-45.0 -8.0 30.0
1.0 0.0 0.0
0.2 0.2 0.2
0.0 0.0 0.0
0.0 0.0 0.0
1.5
256.0

TRIANGLE
-45.0 -8.0 30.0
-50.0 -8.0 30.0
-45.0 -8.0 35.0
1.0 1.0 0.0
0.2 0.2 0.2
0.0 0.0 0.0
0.0 0.0 0.0
1.5
256.0

TRIANGLE
-45.0 -8.0 35.0
-50.0 -8.0 35.0
-45.0 -8.0 40.0
1.0 0.0 0.0
0.2 0.2 0.2
0.0 0.0 0.0
0.0 0.0 0.0
1.5
256.0

TRIANGLE
-45.0 -8.0 40.0
-50.0 -8.0 40.0
-45.0 -8.0 45.0
1.0 1.0 0.0
0.2 0.2 0.2
0.0 0.0 0.0
0.0 0.0 0.0
1.5
256.0

TRIANGLE
-45.0 -8.0 45.0
-50.0 -8.0 45.0
-45.0 -8.0 50.0
1.0 0.0 0.0
0.2 0.2 0.2
0.0 0.0 0.0
0.0 0.0 0.0
1.5
256.0

TRIANGLE
-45.0 -8.0 50.0
-50.0 -8.0 50.0
-45.0 -8.0 55.0
1.0 1.0 0.0
0.2 0.2 0.2
0.0 0.0 0.0
0.0 0.0 0.0
1.5
256.0

TRIANGLE
-45.0 -8.0 55.0
-50.0 -8.0 55.0
-45.0 -8.0 60.0
1.0 0.0 0.0
0.2 0.2 0.2
0.0 0.0 0.0
0.0 0.0 0.0
1.5
256.0

TRIANGLE
-45.0 -8.0 60.0
-50.0 -8.0 60.0
-45.0 -8.0 65.0
1.0 1.0 0.0
0.2 0.2 0.2
0.0 0.0 0.0
0.0 0.0 0.0
1.5
256.0

TRIANGLE
-45.0 -8.0 65.0
-50.0 -8.0 65.0
-45.0 -8.0 70.0
1.0 0.0 0.0
0.2 0.2 0.2
0.0 0.0 0.0
0.0 0.0 0.0
1.5
256.0

TRIANGLE
-45.0 -8.0 70.0
-50.0 -8.0 70.0
-45.0 -8.0 75.0
1.0 1.0 0.0
0.2 0.2 0.2
0.0 0.0 0.0
0.0 0.0 0.0
1.5
256.0

TRIANGLE
-45.0 -8.0 75.0
-50.0 -8.0 75.0
-45.0 -8.0 80.0
1.0 0.0 0.0
0.2 0.2 0.2
0.0 0.0 0.0
0.0 0.0 0.0
1.5
256.0

TRIANGLE
-50.0 -8.0 0.0
-55.0 -8.0 0.0
-50.0 -8.0 5.0
1.0 0.0 0.0
0.2 0.2 0.2
0.0 0.0 0.0
0.0 0.0 0.0
1.5
256.0

TRIANGLE
-50.0 -8.0 5.0
-55.0 -8.0 5.0
-50.0 -8.0 10.0
1.0 1.0 0.0
0.2 0.2 0.2
0.0 0.0 0.0
0.0 0.0 0.0
1.5
256.0

TRIANGLE
-50.0 -8.0 10.0
-55.0 -8.0 10.0
-50.0 -8.0 15.0
1.0 0.0 0.0
0.2 0.2 0.2
0.0 0.0 0.0
0.0 0.0 0.0
1.5
256.0

TRIANGLE
-50.0 -8.0 15.0
-55.0 -8.0 15.0
-50.0 -8.0 20.0
1.0 1.0 0.0
0.2 0.2 0.2
0.0 0.0 0.0
0.0 0.0 0.0
1.5
256.0

TRIANGLE
-50.0 -8.0 20.0
-55.0 -8.0 20.0
-50.0 -8.0 25.0
1.0 0.0 0.0
0.2 0.2 0.2
0.0 0.0 0.0
0.0 0.0 0.0
1.5
256.0

TRIANGLE
-50.0 -8.0 25.0
-55.0 -8.0 25.0
-50.0 -8.0 30.0
1.0 1.0 0.0
0.2 0.2 0.2
0.0 0.0 0.0
0.0 0.0 0.0
1.5
256.0

TRIANGLE
-50.0 -8.0 30.0
-55.0 -8.0 30.0
-50.0 -8.0 35.0
1.0 0.0 0.0
0.2 0.2 0.2
0.0 0.0 0.0
0.0 0.0 0.0
1.5
256.0

TRIANGLE
-50.0 -8.0 35.0
-55.0 -8.0 35.0
-50.0 -8.0 40.0
1.0 1.0 0.0
0.2 0.2 0.2
0.0 0.0 0.0
0.0 0.0 0.0
1.5
256.0

TRIANGLE
-50.0 -8.0 40.0
-55.0 -8.0 40.0
-50.0 -8.0 45.0
1.0 0.0 0.0
0.2 0.2 0.2
0.0 0.0 0.0
0.0 0.0 0.0
1.5
256.0

TRIANGLE
-50.0 -8.0 45.0
-55.0 -8.0 45.0
-50.0 -8.0 50.0
1.0 1.0 0.0
0.2 0.2 0.2
0.0 0.0 0.0
0.0 0.0 0.0
1.5
256.0

TRIANGLE
-50.0 -8.0 50.0
-55.0 -8.0 50.0
-50.0 -8.0 55.0
1.0 0.0 0.0
0.2 0.2 0.2
0.0 0.0 0.0
0.0 0.0 0.0
1.5
256.0

TRIANGLE
-50.0 -8.0 55.0
-55.0 -8.0 55.0
-50.0 -8.0 60.0
1.0 1.0 0.0
0.2 0.2 0.2
0.0 0.0 0.0
0.0 0.0 0.0
1.5
256.0

TRIANGLE
-50.0 -8.0 60.0
-55.0 -8.0 60.0
-50.0 -8.0 65.0
1.0 0.0 0.0
0.2 0.2 0.2
0.0 0.0 0.0
0.0 0.0 0.0
1.5
256.0

TRIANGLE
-50.0 -8.0 65.0
-55.0 -8.0 65.0
-50.0 -8.0 70.0
1.0 1.0 0.0
0.2 0.2 0.2
0.0 0.0 0.0
0.0 0.0 0.0
1.5
256.0

TRIANGLE
-50.0 -8.0 70.0
-55.0 -8.0 70.0
-50.0 -8.0 75.0
1.0 0.0 0.0
0.2 0.2 0.2
0.0 0.0 0.0
0.0 0.0 0.0
1.5
256.0

TRIANGLE
-50.0 -8.0 75.0
-55.0 -8.0 75.0
-50.0 -8.0 80.0
1.0 1.0 0.0
0.2 0.2 0.2
0.0 0.0 0.0
0.0 0.0 0.0
1.5
256.0

TRIANGLE
-55.0 -8.0 0.0
-60.0 -8.0 0.0
-55.0 -8.0 5.0
1.0 1.0 0.0
0.2 0.2 0.2
0.0 0.0 0.0
0.0 0.0 0.0
1.5
256.0

TRIANGLE
-55.0 -8.0 5.0
-60.0 -8.0 5.0
-55.0 -8.0 10.0
1.0 0.0 0.0
0.2 0.2 0.2
0.0 0.0 0.0
0.0 0.0 0.0
1.5
256.0

TRIANGLE
-55.0 -8.0 10.0
-60.0 -8.0 10.0
-55.0 -8.0 15.0
1.0 1.0 0.0
0.2 0.2 0.2
0.0 0.0 0.0
0.0 0.0 0.0
1.5
256.0

TRIANGLE
-55.0 -8.0 15.0
-60.0 -8.0 15.0
-55.0 -8.0 20.0
1.0 0.0 0.0
0.2 0.2 0.2
0.0 0.0 0.0
0.0 0.0 0.0
1.5
256.0

TRIANGLE
-55.0 -8.0 20.0
-60.0 -8.0 20.0
-55.0 -8.0 25.0
1.0 1.0 0.0
0.2 0.2 0.2
0.0 0.0 0.0
0.0 0.0 0.0
1.5
256.0

TRIANGLE
-55.0 -8.0 25.0
-60.0 -8.0 25.0
-55.0 -8.0 30.0
1.0 0.0 0.0
0.2 0.2 0.2
0.0 0.0 0.0
0.0 0.0 0.0
1.5
256.0

TRIANGLE
-55.0 -8.0 30.0
-60.0 -8.0 30.0
-55.0 -8.0 35.0
1.0 1.0 0.0
0.2 0.2 0.2
0.0 0.0 0.0
0.0 0.0 0.0
1.5
256.0

TRIANGLE
-55.0 -8.0 35.0
-60.0 -8.0 35.0
-55.0 -8.0 40.0
1.0 0.0 0.0
0.2 0.2 0.2
0.0 0.0 0.0
0.0 0.0 0.0
1.5
256.0

TRIANGLE
-55.0 -8.0 40.0
-60.0 -8.0 40.0
-55.0 -8.0 45.0
1.0 1.0 0.0
0.2 0.2 0.2
0.0 0.0 0.0
0.0 0.0 0.0
1.5
256.0

TRIANGLE
-55.0 -8.0 45.0
-60.0 -8.0 45.0
-55.0 -8.0 50.0
1.0 0.0 0.0
0.2 0.2 0.2
0.0 0.0 0.0
0.0 0.0 0.0
1.5
256.0

TRIANGLE
-55.0 -8.0 50.0
-60.0 -8.0 50.0
-55.0 -8.0 55.0
1.0 1.0 0.0
0.2 0.2 0.2
0.0 0.0 0.0
0.0 0.0 0.0
1.5
256.0

TRIANGLE
-55.0 -8.0 55.0
-60.0 -8.0 55.0
-55.0 -8.0 60.0
1.0 0.0 0.0
0.2 0.2 0.2
0.0 0.0 0.0
0.0 0.0 0.0
1.5
256.0

TRIANGLE
-55.0 -8.0 60.0
-60.0 -8.0 60.0
-55.0 -8.0 65.0
1.0 1.0 0.0
0.2 0.2 0.2
0.0 0.0 0.0
0.0 0.0 0.0
1.5
256.0

TRIANGLE
-55.0 -8.0 65.0
-60.0 -8.0 65.0
-55.0 -8.0 70.0
1.0 0.0 0.0
0.2 0.2 0.2
0.0 0.0 0.0
0.0 0.0 0.0
1.5
256.0

TRIANGLE
-55.0 -8.0 70.0
-60.0 -8.0 70.0
-55.0 -8.0 75.0
1.0 1.0 0.0
0.2 0.2 0.2
0.0 0.0 0.0
0.0 0.0 0.0
1.5
256.0

TRIANGLE
-55.0 -8.0 75.0
-60.0 -8.0 75.0
-55.0 -8.0 80.0
1.0 0.0 0.0
0.2 0.2 0.2
0.0 0.0 0.0
0.0 0.0 0.0
1.5
256.0

TRIANGLE
-60.0 -8.0 0.0
-65.0 -8.0 0.0
-60.0 -8.0 5.0
1.0 0.0 0.0
0.2 0.2 0.2
0.0 0.0 0.0
0.0 0.0 0.0
1.5
256.0

TRIANGLE
-60.0 -8.0 5.0
-65.0 -8.0 5.0
-60.0 -8.0 10.0
1.0 1.0 0.0
0.2 0.2 0.2
0.0 0.0 0.0
0.0 0.0 0.0
1.5
256.0

TRIANGLE
-60.0 -8.0 10.0
-65.0 -8.0 10.0
-60.0 -8.0 15.0
1.0 0.0 0.0
0.2 0.2 0.2
0.0 0.0 0.0
0.0 0.0 0.0
1.5
256.0

TRIANGLE
-60.0 -8.0 15.0
-65.0 -8.0 15.0
-60.0 -8.0 20.0
1.0 1.0 0.0
0.2 0.2 0.2
0.0 0.0 0.0
0.0 0.0 0.0
1.5
256.0

TRIANGLE
-60.0 -8.0 20.0
-65.0 -8.0 20.0
-60.0 -8.0 25.0
1.0 0.0 0.0
0.2 0.2 0.2
0.0 0.0 0.0
0.0 0.0 0.0
1.5
256.0

TRIANGLE
-60.0 -8.0 25.0
-65.0 -8.0 25.0
-60.0 -8.0 30.0
1.0 1.0 0.0
0.2 0.2 0.2
0.0 0.0 0.0
0.0 0.0 0.0
1.5
256.0

TRIANGLE
-60.0 -8.0 30.0
-65.0 -8.0 30.0
-60.0 -8.0 35.0
1.0 0.0 0.0
0.2 0.2 0.2
0.0 0.0 0.0
0.0 0.0 0.0
1.5
256.0

TRIANGLE
-60.0 -8.0 35.0
-65.0 -8.0 35.0
-60.0 -8.0 40.0
1.0 1.0 0.0
0.2 0.2 0.2
0.0 0.0 0.0
0.0 0.0 0.0
1.5
256.0

TRIANGLE
-60.0 -8.0 40.0
-65.0 -8.0 40.0
-60.0 -8.0 45.0
1.0 0.0 0.0
0.2 0.2 0.2
0.0 0.0 0.0
0.0 0.0 0.0
1.5
256.0

TRIANGLE
-60.0 -8.0 45.0
-65.0 -8.0 45.0
-60.0 -8.0 50.0
1.0 1.0 0.0
0.2 0.2 0.2
0.0 0.0 0.0
0.0 0.0 0.0
1.5
256.0

TRIANGLE
-60.0 -8.0 50.0
-65.0 -8.0 50.0
-60.0 -8.0 55.0
1.0 0.0 0.0
0.2 0.2 0.2
0.0 0.0 0.0
0.0 0.0 0.0
1.5
256.0

TRIANGLE
-60.0 -8.0 55.0
-65.0 -8.0 55.0
-60.0 -8.0 60.0
1.0 1.0 0.0
0.2 0.2 0.2
0.0 0.0 0.0
0.0 0.0 0.0
1.5
256.0

TRIANGLE
-60.0 -8.0 60.0
-65.0 -8.0 60.0
-60.0 -8.0 65.0
1.0 0.0 0.0
0.2 0.2 0.2
0.0 0.0 0.0
0.0 0.0 0.0
1.5
256.0

TRIANGLE
-60.0 -8.0 65.0
-65.0 -8.0 65.0
-60.0 -8.0 70.0
1.0 1.0 0.0
0.2 0.2 0.2
0.0 0.0 0.0
0.0 0.0 0.0
1.5
256.0

TRIANGLE
-60.0 -8.0 70.0
-65.0 -8.0 70.0
-60.0 -8.0 75.0
1.0 0.0 0.0
0.2 0.2 0.2
0.0 0.0 0.0
0.0 0.0 0.0
1.5
256.0

TRIANGLE
-60.0 -8.0 75.0
-65.0 -8.0 75.0
-60.0 -8.0 80.0
1.0 1.0 0.0
0.2 0.2 0.2
0.0 0.0 0.0
0.0 0.0 0.0
1.5
256.0

TRIANGLE
-65.0 -8.0 0.0
-70.0 -8.0 0.0
-65.0 -8.0 5.0
1.0 1.0 0.0
0.2 0.2 0.2
0.0 0.0 0.0
0.0 0.0 0.0
1.5
256.0

TRIANGLE
-65.0 -8.0 5.0
-70.0 -8.0 5.0
-65.0 -8.0 10.0
1.0 0.0 0.0
0.2 0.2 0.2
0.0 0.0 0.0
0.0 0.0 0.0
1.5
256.0

TRIANGLE
-65.0 -8.0 10.0
-70.0 -8.0 10.0
-65.0 -8.0 15.0
1.0 1.0 0.0
0.2 0.2 0.2
0.0 0.0 0.0
0.0 0.0 0.0
1.5
256.0

TRIANGLE
-65.0 -8.0 15.0
-70.0 -8.0 15.0
-65.0 -8.0 20.0
1.0 0.0 0.0
0.2 0.2 0.2
0.0 0.0 0.0
0.0 0.0 0.0
1.5
256.0

TRIANGLE
-65.0 -8.0 20.0
-70.0 -8.0 20.0
-65.0 -8.0 25.0
1.0 1.0 0.0
0.2 0.2 0.2
0.0 0.0 0.0
0.0 0.0 0.0
1.5
256.0

TRIANGLE
-65.0 -8.0 25.0
-70.0 -8.0 25.0
-65.0 -8.0 30.0
1.0 0.0 0.0
0.2 0.2 0.2
0.0 0.0 0.0
0.0 0.0 0.0
1.5
256.0

TRIANGLE
-65.0 -8.0 30.0
-70.0 -8.0 30.0
-65.0 -8.0 35.0
1.0 1.0 0.0
0.2 0.2 0.2
0.0 0.0 0.0
0.0 0.0 0.0
1.5
256.0

TRIANGLE
-65.0 -8.0 35.0
-70.0 -8.0 35.0
-65.0 -8.0 40.0
1.0 0.0 0.0
0.2 0.2 0.2
0.0 0.0 0.0
0.0 0.0 0.0
1.5
256.0

TRIANGLE
-65.0 -8.0 40.0
-70.0 -8.0 40.0
-65.0 -8.0 45.0
1.0 1.0 0.0
0.2 0.2 0.2
0.0 0.0 0.0
0.0 0.0 0.0
1.5
256.0

TRIANGLE
-65.0 -8.0 45.0
-70.0 -8.0 45.0
-65.0 -8.0 50.0
1.0 0.0 0.0
0.2 0.2 0.2
0.0 0.0 0.0
0.0 0.0 0.0
1.5
256.0

TRIANGLE
-65.0 -8.0 50.0
-70.0 -8.0 50.0
-65.0 -8.0 55.0
1.0 1.0 0.0
0.2 0.2 0.2
0.0 0.0 0.0
0.0 0.0 0.0
1.5
256.0

TRIANGLE
-65.0 -8.0 55.0
-70.0 -8.0 55.0
-65.0 -8.0 60.0
1.0 0.0 0.0
0.2 0.2 0.2
0.0 0.0 0.0
0.0 0.0 0.0
1.5
256.0

TRIANGLE
-65.0 -8.0 60.0
-70.0 -8.0 60.0
-65.0 -8.0 65.0
1.0 1.0 0.0
0.2 0.2 0.2
0.0 0.0 0.0
0.0 0.0 0.0
1.5
256.0

TRIANGLE
-65.0 -8.0 65.0
-70.0 -8.0 65.0
-65.0 -8.0 70.0
1.0 0.0 0.0
0.2 0.2 0.2
0.0 0.0 0.0
0.0 0.0 0.0
1.5
256.0

TRIANGLE
-65.0 -8.0 70.0
-70.0 -8.0 70.0
-65.0 -8.0 75.0
1.0 1.0 0.0
0.2 0.2 0.2
0.0 0.0 0.0
0.0 0.0 0.0
1.5
256.0

TRIANGLE
-65.0 -8.0 75.0
-70.0 -8.0 75.0
-65.0 -8.0 80.0
1.0 0.0 0.0
0.2 0.2 0.2
0.0 0.0 0.0
0.0 0.0 0.0
1.5
256.0

TRIANGLE
5.0 -8.0 0.0
5.0 -8.0 5.0
10.0 -8.0 5.0
1.0 0.0 0.0
0.2 0.2 0.2
0.0 0.0 0.0
0.0 0.0 0.0
1.5
256.0

TRIANGLE
5.0 -8.0 5.0
5.0 -8.0 10.0
10.0 -8.0 10.0
1.0 1.0 0.0
0.2 0.2 0.2
0.0 0.0 0.0
0.0 0.0 0.0
1.5
256.0

TRIANGLE
5.0 -8.0 10.0
5.0 -8.0 15.0
10.0 -8.0 15.0
1.0 0.0 0.0
0.2 0.2 0.2
0.0 0.0 0.0
0.0 0.0 0.0
1.5
256.0

TRIANGLE
5.0 -8.0 15.0
5.0 -8.0 20.0
10.0 -8.0 20.0
1.0 1.0 0.0
0.2 0.2 0.2
0.0 0.0 0.0
0.0 0.0 0.0
1.5
256.0

TRIANGLE
5.0 -8.0 20.0
5.0 -8.0 25.0
10.0 -8.0 25.0
1.0 0.0 0.0
0.2 0.2 0.2
0.0 0.0 0.0
0.0 0.0 0.0
1.5
256.0

TRIANGLE
5.0 -8.0 25.0
5.0 -8.0 30.0
10.0 -8.0 30.0
1.0 1.0 0.0
0.2 0.2 0.2
0.0 0.0 0.0
0.0 0.0 0.0
1.5
256.0

TRIANGLE
5.0 -8.0 30.0
5.0 -8.0 35.0
10.0 -8.0 35.0
1.0 0.0 0.0
0.2 0.2 0.2
0.0 0.0 0.0
0.0 0.0 0.0
1.5
256.0

TRIANGLE
5.0 -8.0 35.0
5.0 -8.0 40.0
10.0 -8.0 40.0
1.0 1.0 0.0
0.2 0.2 0.2
0.0 0.0 0.0
0.0 0.0 0.0
1.5
256.0

TRIANGLE
5.0 -8.0 40.0
5.0 -8.0 45.0
10.0 -8.0 45.0
1.0 0.0 0.0
0.2 0.2 0.2
0.0 0.0 0.0
0.0 0.0 0.0
1.5
256.0

TRIANGLE
5.0 -8.0 45.0
5.0 -8.0 50.0
10.0 -8.0 50.0
1.0 1.0 0.0
0.2 0.2 0.2
0.0 0.0 0.0
0.0 0.0 0.0
1.5
256.0

TRIANGLE
5.0 -8.0 50.0
5.0 -8.0 55.0
10.0 -8.0 55.0
1.0 0.0 0.0
0.2 0.2 0.2
0.0 0.0 0.0
0.0 0.0 0.0
1.5
256.0

TRIANGLE
5.0 -8.0 55.0
5.0 -8.0 60.0
10.0 -8.0 60.0
1.0 1.0 0.0
0.2 0.2 0.2
0.0 0.0 0.0
0.0 0.0 0.0
1.5
256.0

TRIANGLE
5.0 -8.0 60.0
5.0 -8.0 65.0
10.0 -8.0 65.0
1.0 0.0 0.0
0.2 0.2 0.2
0.0 0.0 0.0
0.0 0.0 0.0
1.5
256.0

TRIANGLE
5.0 -8.0 65.0
5.0 -8.0 70.0
10.0 -8.0 70.0
1.0 1.0 0.0
0.2 0.2 0.2
0.0 0.0 0.0
0.0 0.0 0.0
1.5
256.0

TRIANGLE
5.0 -8.0 70.0
5.0 -8.0 75.0
10.0 -8.0 75.0
1.0 0.0 0.0
0.2 0.2 0.2
0.0 0.0 0.0
0.0 0.0 0.0
1.5
256.0

TRIANGLE
5.0 -8.0 75.0
5.0 -8.0 80.0
10.0 -8.0 80.0
1.0 1.0 0.0
0.2 0.2 0.2
0.0 0.0 0.0
0.0 0.0 0.0
1.5
256.0

TRIANGLE
0.0 -8.0 0.0
0.0 -8.0 5.0
5.0 -8.0 5.0
1.0 1.0 0.0
0.2 0.2 0.2
0.0 0.0 0.0
0.0 0.0 0.0
1.5
256.0

TRIANGLE
0.0 -8.0 5.0
0.0 -8.0 10.0
5.0 -8.0 10.0
1.0 0.0 0.0
0.2 0.2 0.2
0.0 0.0 0.0
0.0 0.0 0.0
1.5
256.0

TRIANGLE
0.0 -8.0 10.0
0.0 -8.0 15.0
5.0 -8.0 15.0
1.0 1.0 0.0
0.2 0.2 0.2
0.0 0.0 0.0
0.0 0.0 0.0
1.5
256.0

TRIANGLE
0.0 -8.0 15.0
0.0 -8.0 20.0
5.0 -8.0 20.0
1.0 0.0 0.0
0.2 0.2 0.2
0.0 0.0 0.0
0.0 0.0 0.0
1.5
256.0

TRIANGLE
0.0 -8.0 20.0
0.0 -8.0 25.0
5.0 -8.0 25.0
1.0 1.0 0.0
0.2 0.2 0.2
0.0 0.0 0.0
0.0 0.0 0.0
1.5
256.0

TRIANGLE
0.0 -8.0 25.0
0.0 -8.0 30.0
5.0 -8.0 30.0
1.0 0.0 0.0
0.2 0.2 0.2
0.0 0.0 0.0
0.0 0.0 0.0
1.5
256.0

TRIANGLE
0.0 -8.0 30.0
0.0 -8.0 35.0
5.0 -8.0 35.0
1.0 1.0 0.0
0.2 0.2 0.2
0.0 0.0 0.0
0.0 0.0 0.0
1.5
256.0

TRIANGLE
0.0 -8.0 35.0
0.0 -8.0 40.0
5.0 -8.0 40.0
1.0 0.0 0.0
0.2 0.2 0.2
0.0 0.0 0.0
0.0 0.0 0.0
1.5
256.0

TRIANGLE
0.0 -8.0 40.0
0.0 -8.0 45.0
5.0 -8.0 45.0
1.0 1.0 0.0
0.2 0.2 0.2
0.0 0.0 0.0
0.0 0.0 0.0
1.5
256.0

TRIANGLE
0.0 -8.0 45.0
0.0 -8.0 50.0
5.0 -8.0 50.0
1.0 0.0 0.0
0.2 0.2 0.2
0.0 0.0 0.0
0.0 0.0 0.0
1.5
256.0

TRIANGLE
0.0 -8.0 50.0
0.0 -8.0 55.0
5.0 -8.0 55.0
1.0 1.0 0.0
0.2 0.2 0.2
0.0 0.0 0.0
0.0 0.0 0.0
1.5
256.0

TRIANGLE
0.0 -8.0 55.0
0.0 -8.0 60.0
5.0 -8.0 60.0
1.0 0.0 0.0
0.2 0.2 0.2
0.0 0.0 0.0
0.0 0.0 0.0
1.5
256.0

TRIANGLE
0.0 -8.0 60.0
0.0 -8.0 65.0
5.0 -8.0 65.0
1.0 1.0 0.0
0.2 0.2 0.2
0.0 0.0 0.0
0.0 0.0 0.0
1.5
256.0

TRIANGLE
0.0 -8.0 65.0
0.0 -8.0 70.0
5.0 -8.0 70.0
1.0 0.0 0.0
0.2 0.2 0.2
0.0 0.0 0.0
0.0 0.0 0.0
1.5
256.0

TRIANGLE
0.0 -8.0 70.0
0.0 -8.0 75.0
5.0 -8.0 75.0
1.0 1.0 0.0
0.2 0.2 0.2
0.0 0.0 0.0
0.0 0.0 0.0
1.5
256.0

TRIANGLE
0.0 -8.0 75.0
0.0 -8.0 80.0
5.0 -8.0 80.0
1.0 0.0 0.0
0.2 0.2 0.2
0.0 0.0 0.0
0.0 0.0 0.0
1.5
256.0

TRIANGLE
-5.0 -8.0 0.0
-5.0 -8.0 5.0
0.0 -8.0 5.0
1.0 0.0 0.0
0.2 0.2 0.2
0.0 0.0 0.0
0.0 0.0 0.0
1.5
256.0

TRIANGLE
-5.0 -8.0 5.0
-5.0 -8.0 10.0
0.0 -8.0 10.0
1.0 1.0 0.0
0.2 0.2 0.2
0.0 0.0 0.0
0.0 0.0 0.0
1.5
256.0

TRIANGLE
-5.0 -8.0 10.0
-5.0 -8.0 15.0
0.0 -8.0 15.0
1.0 0.0 0.0
0.2 0.2 0.2
0.0 0.0 0.0
0.0 0.0 0.0
1.5
256.0

TRIANGLE
-5.0 -8.0 15.0
-5.0 -8.0 20.0
0.0 -8.0 20.0
1.0 1.0 0.0
0.2 0.2 0.2
0.0 0.0 0.0
0.0 0.0 0.0
1.5
256.0

TRIANGLE
-5.0 -8.0 20.0
-5.0 -8.0 25.0
0.0 -8.0 25.0
1.0 0.0 0.0
0.2 0.2 0.2
0.0 0.0 0.0
0.0 0.0 0.0
1.5
256.0

TRIANGLE
-5.0 -8.0 25.0
-5.0 -8.0 30.0
0.0 -8.0 30.0
1.0 1.0 0.0
0.2 0.2 0.2
0.0 0.0 0.0
0.0 0.0 0.0
1.5
256.0

TRIANGLE
-5.0 -8.0 30.0
-5.0 -8.0 35.0
0.0 -8.0 35.0
1.0 0.0 0.0
0.2 0.2 0.2
0.0 0.0 0.0
0.0 0.0 0.0
1.5
256.0

TRIANGLE
-5.0 -8.0 35.0
-5.0 -8.0 40.0
0.0 -8.0 40.0
1.0 1.0 0.0
0.2 0.2 0.2
0.0 0.0 0.0
0.0 0.0 0.0
1.5
256.0

TRIANGLE
-5.0 -8.0 40.0
-5.0 -8.0 45.0
0.0 -8.0 45.0
1.0 0.0 0.0
0.2 0.2 0.2
0.0 0.0 0.0
0.0 0.0 0.0
1.5
256.0

TRIANGLE
-5.0 -8.0 45.0
-5.0 -8.0 50.0
0.0 -8.0 50.0
1.0 1.0 0.0
0.2 0.2 0.2
0.0 0.0 0.0
0.0 0.0 0.0
1.5
256.0

TRIANGLE
-5.0 -8.0 50.0
-5.0 -8.0 55.0
0.0 -8.0 55.0
1.0 0.0 0.0
0.2 0.2 0.2
0.0 0.0 0.0
0.0 0.0 0.0
1.5
256.0

TRIANGLE
-5.0 -8.0 55.0
-5.0 -8.0 60.0
0.0 -8.0 60.0
1.0 1.0 0.0
0.2 0.2 0.2
0.0 0.0 0.0
0.0 0.0 0.0
1.5
256.0

TRIANGLE
-5.0 -8.0 60.0
-5.0 -8.0 65.0
0.0 -8.0 65.0
1.0 0.0 0.0
0.2 0.2 0.2
0.0 0.0 0.0
0.0 0.0 0.0
1.5
256.0

TRIANGLE
-5.0 -8.0 65.0
-5.0 -8.0 70.0
0.0 -8.0 70.0
1.0 1.0 0.0
0.2 0.2 0.2
0.0 0.0 0.0
0.0 0.0 0.0
1.5
256.0

TRIANGLE
-5.0 -8.0 70.0
-5.0 -8.0 75.0
0.0 -8.0 75.0
1.0 0.0 0.0
0.2 0.2 0.2
0.0 0.0 0.0
0.0 0.0 0.0
1.5
256.0

TRIANGLE
-5.0 -8.0 75.0
-5.0 -8.0 80.0
0.0 -8.0 80.0
1.0 1.0 0.0
0.2 0.2 0.2
0.0 0.0 0.0
0.0 0.0 0.0
1.5
256.0

TRIANGLE
-10.0 -8.0 0.0
-10.0 -8.0 5.0
-5.0 -8.0 5.0
1.0 1.0 0.0
0.2 0.2 0.2
0.0 0.0 0.0
0.0 0.0 0.0
1.5
256.0

TRIANGLE
-10.0 -8.0 5.0
-10.0 -8.0 10.0
-5.0 -8.0 10.0
1.0 0.0 0.0
0.2 0.2 0.2
0.0 0.0 0.0
0.0 0.0 0.0
1.5
256.0

TRIANGLE
-10.0 -8.0 10.0
-10.0 -8.0 15.0
-5.0 -8.0 15.0
1.0 1.0 0.0
0.2 0.2 0.2
0.0 0.0 0.0
0.0 0.0 0.0
1.5
256.0

TRIANGLE
-10.0 -8.0 15.0
-10.0 -8.0 20.0
-5.0 -8.0 20.0
1.0 0.0 0.0
0.2 0.2 0.2
0.0 0.0 0.0
0.0 0.0 0.0
1.5
256.0

TRIANGLE
-10.0 -8.0 20.0
-10.0 -8.0 25.0
-5.0 -8.0 25.0
1.0 1.0 0.0
0.2 0.2 0.2
0.0 0.0 0.0
0.0 0.0 0.0
1.5
256.0

TRIANGLE
-10.0 -8.0 25.0
-10.0 -8.0 30.0
-5.0 -8.0 30.0
1.0 0.0 0.0
0.2 0.2 0.2
0.0 0.0 0.0
0.0 0.0 0.0
1.5
256.0

TRIANGLE
-10.0 -8.0 30.0
-10.0 -8.0 35.0
-5.0 -8.0 35.0
1.0 1.0 0.0
0.2 0.2 0.2
0.0 0.0 0.0
0.0 0.0 0.0
1.5
256.0

TRIANGLE
-10.0 -8.0 35.0
-10.0 -8.0 40.0
-5.0 -8.0 40.0
1.0 0.0 0.0
0.2 0.2 0.2
0.0 0.0 0.0
0.0 0.0 0.0
1.5
256.0

TRIANGLE
-10.0 -8.0 40.0
-10.0 -8.0 45.0
-5.0 -8.0 45.0
1.0 1.0 0.0
0.2 0.2 0.2
0.0 0.0 0.0
0.0 0.0 0.0
1.5
256.0

TRIANGLE
-10.0 -8.0 45.0
-10.0 -8.0 50.0
-5.0 -8.0 50.0
1.0 0.0 0.0
0.2 0.2 0.2
0.0 0.0 0.0
0.0 0.0 0.0
1.5
256.0

TRIANGLE
-10.0 -8.0 50.0
-10.0 -8.0 55.0
-5.0 -8.0 55.0
1.0 1.0 0.0
0.2 0.2 0.2
0.0 0.0 0.0
0.0 0.0 0.0
1.5
256.0

TRIANGLE
-10.0 -8.0 55.0
-10.0 -8.0 60.0
-5.0 -8.0 60.0
1.0 0.0 0.0
0.2 0.2 0.2
0.0 0.0 0.0
0.0 0.0 0.0
1.5
256.0

TRIANGLE
-10.0 -8.0 60.0
-10.0 -8.0 65.0
-5.0 -8.0 65.0
1.0 1.0 0.0
0.2 0.2 0.2
0.0 0.0 0.0
0.0 0.0 0.0
1.5
256.0

TRIANGLE
-10.0 -8.0 65.0
-10.0 -8.0 70.0
-5.0 -8.0 70.0
1.0 0.0 0.0
0.2 0.2 0.2
0.0 0.0 0.0
0.0 0.0 0.0
1.5
256.0

TRIANGLE
-10.0 -8.0 70.0
-10.0 -8.0 75.0
-5.0 -8.0 75.0
1.0 1.0 0.0
0.2 0.2 0.2
0.0 0.0 0.0
0.0 0.0 0.0
1.5
256.0

TRIANGLE
-10.0 -8.0 75.0
-10.0 -8.0 80.0
-5.0 -8.0 80.0
1.0 0.0 0.0
0.2 0.2 0.2
0.0 0.0 0.0
0.0 0.0 0.0
1.5
256.0

TRIANGLE
-15.0 -8.0 0.0
-15.0 -8.0 5.0
-10.0 -8.0 5.0
1.0 0.0 0.0
0.2 0.2 0.2
0.0 0.0 0.0
0.0 0.0 0.0
1.5
256.0

TRIANGLE
-15.0 -8.0 5.0
-15.0 -8.0 10.0
-10.0 -8.0 10.0
1.0 1.0 0.0
0.2 0.2 0.2
0.0 0.0 0.0
0.0 0.0 0.0
1.5
256.0

TRIANGLE
-15.0 -8.0 10.0
-15.0 -8.0 15.0
-10.0 -8.0 15.0
1.0 0.0 0.0
0.2 0.2 0.2
0.0 0.0 0.0
0.0 0.0 0.0
1.5
256.0

TRIANGLE
-15.0 -8.0 15.0
-15.0 -8.0 20.0
-10.0 -8.0 20.0
1.0 1.0 0.0
0.2 0.2 0.2
0.0 0.0 0.0
0.0 0.0 0.0
1.5
256.0

TRIANGLE
-15.0 -8.0 20.0
-15.0 -8.0 25.0
-10.0 -8.0 25.0
1.0 0.0 0.0
0.2 0.2 0.2
0.0 0.0 0.0
0.0 0.0 0.0
1.5
256.0

TRIANGLE
-15.0 -8.0 25.0
-15.0 -8.0 30.0
-10.0 -8.0 30.0
1.0 1.0 0.0
0.2 0.2 0.2
0.0 0.0 0.0
0.0 0.0 0.0
1.5
256.0

TRIANGLE
-15.0 -8.0 30.0
-15.0 -8.0 35.0
-10.0 -8.0 35.0
1.0 0.0 0.0
0.2 0.2 0.2
0.0 0.0 0.0
0.0 0.0 0.0
1.5
256.0

TRIANGLE
-15.0 -8.0 35.0
-15.0 -8.0 40.0
-10.0 -8.0 40.0
1.0 1.0 0.0
0.2 0.2 0.2
0.0 0.0 0.0
0.0 0.0 0.0
1.5
256.0

TRIANGLE
-15.0 -8.0 40.0
-15.0 -8.0 45.0
-10.0 -8.0 45.0
1.0 0.0 0.0
0.2 0.2 0.2
0.0 0.0 0.0
0.0 0.0 0.0
1.5
256.0

TRIANGLE
-15.0 -8.0 45.0
-15.0 -8.0 50.0
-10.0 -8.0 50.0
1.0 1.0 0.0
0.2 0.2 0.2
0.0 0.0 0.0
0.0 0.0 0.0
1.5
256.0

TRIANGLE
-15.0 -8.0 50.0
-15.0 -8.0 55.0
-10.0 -8.0 55.0
1.0 0.0 0.0
0.2 0.2 0.2
0.0 0.0 0.0
0.0 0.0 0.0
1.5
256.0

TRIANGLE
-15.0 -8.0 55.0
-15.0 -8.0 60.0
-10.0 -8.0 60.0
1.0 1.0 0.0
0.2 0.2 0.2
0.0 0.0 0.0
0.0 0.0 0.0
1.5
256.0

TRIANGLE
-15.0 -8.0 60.0
-15.0 -8.0 65.0
-10.0 -8.0 65.0
1.0 0.0 0.0
0.2 0.2 0.2
0.0 0.0 0.0
0.0 0.0 0.0
1.5
256.0

TRIANGLE
-15.0 -8.0 65.0
-15.0 -8.0 70.0
-10.0 -8.0 70.0
1.0 1.0 0.0
0.2 0.2 0.2
0.0 0.0 0.0
0.0 0.0 0.0
1.5
256.0

TRIANGLE
-15.0 -8.0 70.0
-15.0 -8.0 75.0
-10.0 -8.0 75.0
1.0 0.0 0.0
0.2 0.2 0.2
0.0 0.0 0.0
0.0 0.0 0.0
1.5
256.0

TRIANGLE
-15.0 -8.0 75.0
-15.0 -8.0 80.0
-10.0 -8.0 80.0
1.0 1.0 0.0
0.2 0.2 0.2
0.0 0.0 0.0
0.0 0.0 0.0
1.5
256.0

TRIANGLE
-20.0 -8.0 0.0
-20.0 -8.0 5.0
-15.0 -8.0 5.0
1.0 1.0 0.0
0.2 0.2 0.2
0.0 0.0 0.0
0.0 0.0 0.0
1.5
256.0

TRIANGLE
-20.0 -8.0 5.0
-20.0 -8.0 10.0
-15.0 -8.0 10.0
1.0 0.0 0.0
0.2 0.2 0.2
0.0 0.0 0.0
0.0 0.0 0.0
1.5
256.0

TRIANGLE
-20.0 -8.0 10.0
-20.0 -8.0 15.0
-15.0 -8.0 15.0
1.0 1.0 0.0
0.2 0.2 0.2
0.0 0.0 0.0
0.0 0.0 0.0
1.5
256.0

TRIANGLE
-20.0 -8.0 15.0
-20.0 -8.0 20.0
-15.0 -8.0 20.0
1.0 0.0 0.0
0.2 0.2 0.2
0.0 0.0 0.0
0.0 0.0 0.0
1.5
256.0

TRIANGLE
-20.0 -8.0 20.0
-20.0 -8.0 25.0
-15.0 -8.0 25.0
1.0 1.0 0.0
0.2 0.2 0.2
0.0 0.0 0.0
0.0 0.0 0.0
1.5
256.0

TRIANGLE
-20.0 -8.0 25.0
-20.0 -8.0 30.0
-15.0 -8.0 30.0
1.0 0.0 0.0
0.2 0.2 0.2
0.0 0.0 0.0
0.0 0.0 0.0
1.5
256.0

TRIANGLE
-20.0 -8.0 30.0
-20.0 -8.0 35.0
-15.0 -8.0 35.0
1.0 1.0 0.0
0.2 0.2 0.2
0.0 0.0 0.0
0.0 0.0 0.0
1.5
256.0

TRIANGLE
-20.0 -8.0 35.0
-20.0 -8.0 40.0
-15.0 -8.0 40.0
1.0 0.0 0.0
0.2 0.2 0.2
0.0 0.0 0.0
0.0 0.0 0.0
1.5
256.0

TRIANGLE
-20.0 -8.0 40.0
-20.0 -8.0 45.0
-15.0 -8.0 45.0
1.0 1.0 0.0
0.2 0.2 0.2
0.0 0.0 0.0
0.0 0.0 0.0
1.5
256.0

TRIANGLE
-20.0 -8.0 45.0
-20.0 -8.0 50.0
-15.0 -8.0 50.0
1.0 0.0 0.0
0.2 0.2 0.2
0.0 0.0 0.0
0.0 0.0 0.0
1.5
256.0

TRIANGLE
-20.0 -8.0 50.0
-20.0 -8.0 55.0
-15.0 -8.0 55.0
1.0 1.0 0.0
0.2 0.2 0.2
0.0 0.0 0.0
0.0 0.0 0.0
1.5
256.0

TRIANGLE
-20.0 -8.0 55.0
-20.0 -8.0 60.0
-15.0 -8.0 60.0
1.0 0.0 0.0
0.2 0.2 0.2
0.0 0.0 0.0
0.0 0.0 0.0
1.5
256.0

TRIANGLE
-20.0 -8.0 60.0
-20.0 -8.0 65.0
-15.0 -8.0 65.0
1.0 1.0 0.0
0.2 0.2 0.2
0.0 0.0 0.0
0.0 0.0 0.0
1.5
256.0

TRIANGLE
-20.0 -8.0 65.0
-20.0 -8.0 70.0
-15.0 -8.0 70.0
1.0 0.0 0.0
0.2 0.2 0.2
0.0 0.0 0.0
0.0 0.0 0.0
1.5
256.0

TRIANGLE
-20.0 -8.0 70.0
-20.0 -8.0 75.0
-15.0 -8.0 75.0
1.0 1.0 0.0
0.2 0.2 0.2
0.0 0.0 0.0
0.0 0.0 0.0
1.5
256.0

TRIANGLE
-20.0 -8.0 75.0
-20.0 -8.0 80.0
-15.0 -8.0 80.0
1.0 0.0 0.0
0.2 0.2 0.2
0.0 0.0 0.0
0.0 0.0 0.0
1.5
256.0

TRIANGLE
-25.0 -8.0 0.0
-25.0 -8.0 5.0
-20.0 -8.0 5.0
1.0 0.0 0.0
0.2 0.2 0.2
0.0 0.0 0.0
0.0 0.0 0.0
1.5
256.0

TRIANGLE
-25.0 -8.0 5.0
-25.0 -8.0 10.0
-20.0 -8.0 10.0
1.0 1.0 0.0
0.2 0.2 0.2
0.0 0.0 0.0
0.0 0.0 0.0
1.5
256.0

TRIANGLE
-25.0 -8.0 10.0
-25.0 -8.0 15.0
-20.0 -8.0 15.0
1.0 0.0 0.0
0.2 0.2 0.2
0.0 0.0 0.0
0.0 0.0 0.0
1.5
256.0

TRIANGLE
-25.0 -8.0 15.0
-25.0 -8.0 20.0
-20.0 -8.0 20.0
1.0 1.0 0.0
0.2 0.2 0.2
0.0 0.0 0.0
0.0 0.0 0.0
1.5
256.0

TRIANGLE
-25.0 -8.0 20.0
-25.0 -8.0 25.0
-20.0 -8.0 25.0
1.0 0.0 0.0
0.2 0.2 0.2
0.0 0.0 0.0
0.0 0.0 0.0
1.5
256.0

TRIANGLE
-25.0 -8.0 25.0
-25.0 -8.0 30.0
-20.0 -8.0 30.0
1.0 1.0 0.0
0.2 0.2 0.2
0.0 0.0 0.0
0.0 0.0 0.0
1.5
256.0

TRIANGLE
-25.0 -8.0 30.0
-25.0 -8.0 35.0
-20.0 -8.0 35.0
1.0 0.0 0.0
0.2 0.2 0.2
0.0 0.0 0.0
0.0 0.0 0.0
1.5
256.0

TRIANGLE
-25.0 -8.0 35.0
-25.0 -8.0 40.0
-20.0 -8.0 40.0
1.0 1.0 0.0
0.2 0.2 0.2
0.0 0.0 0.0
0.0 0.0 0.0
1.5
256.0

TRIANGLE
-25.0 -8.0 40.0
-25.0 -8.0 45.0
-20.0 -8.0 45.0
1.0 0.0 0.0
0.2 0.2 0.2
0.0 0.0 0.0
0.0 0.0 0.0
1.5
256.0

TRIANGLE
-25.0 -8.0 45.0
-25.0 -8.0 50.0
-20.0 -8.0 50.0
1.0 1.0 0.0
0.2 0.2 0.2
0.0 0.0 0.0
0.0 0.0 0.0
1.5
256.0

TRIANGLE
-25.0 -8.0 50.0
-25.0 -8.0 55.0
-20.0 -8.0 55.0
1.0 0.0 0.0
0.2 0.2 0.2
0.0 0.0 0.0
0.0 0.0 0.0
1.5
256.0

TRIANGLE
-25.0 -8.0 55.0
-25.0 -8.0 60.0
-20.0 -8.0 60.0
1.0 1.0 0.0
0.2 0.2 0.2
0.0 0.0 0.0
0.0 0.0 0.0
1.5
256.0

TRIANGLE
-25.0 -8.0 60.0
-25.0 -8.0 65.0
-20.0 -8.0 65.0
1.0 0.0 0.0
0.2 0.2 0.2
0.0 0.0 0.0
0.0 0.0 0.0
1.5
256.0

TRIANGLE
-25.0 -8.0 65.0
-25.0 -8.0 70.0
-20.0 -8.0 70.0
1.0 1.0 0.0
0.2 0.2 0.2
0.0 0.0 0.0
0.0 0.0 0.0
1.5
256.0

TRIANGLE
-25.0 -8.0 70.0
-25.0 -8.0 75.0
-20.0 -8.0 75.0
1.0 0.0 0.0
0.2 0.2 0.2
0.0 0.0 0.0
0.0 0.0 0.0
1.5
256.0

TRIANGLE
-25.0 -8.0 75.0
-25.0 -8.0 80.0
-20.0 -8.0 80.0
1.0 1.0 0.0
0.2 0.2 0.2
0.0 0.0 0.0
0.0 0.0 0.0
1.5
256.0

TRIANGLE
-30.0 -8.0 0.0
-30.0 -8.0 5.0
-25.0 -8.0 5.0
1.0 1.0 0.0
0.2 0.2 0.2
0.0 0.0 0.0
0.0 0.0 0.0
1.5
256.0

TRIANGLE
-30.0 -8.0 5.0
-30.0 -8.0 10.0
-25.0 -8.0 10.0
1.0 0.0 0.0
0.2 0.2 0.2
0.0 0.0 0.0
0.0 0.0 0.0
1.5
256.0

TRIANGLE
-30.0 -8.0 10.0
-30.0 -8.0 15.0
-25.0 -8.0 15.0
1.0 1.0 0.0
0.2 0.2 0.2
0.0 0.0 0.0
0.0 0.0 0.0
1.5
256.0

TRIANGLE
-30.0 -8.0 15.0
-30.0 -8.0 20.0
-25.0 -8.0 20.0
1.0 0.0 0.0
0.2 0.2 0.2
0.0 0.0 0.0
0.0 0.0 0.0
1.5
256.0

TRIANGLE
-30.0 -8.0 20.0
-30.0 -8.0 25.0
-25.0 -8.0 25.0
1.0 1.0 0.0
0.2 0.2 0.2
0.0 0.0 0.0
0.0 0.0 0.0
1.5
256.0

TRIANGLE
-30.0 -8.0 25.0
-30.0 -8.0 30.0
-25.0 -8.0 30.0
1.0 0.0 0.0
0.2 0.2 0.2
0.0 0.0 0.0
0.0 0.0 0.0
1.5
256.0

TRIANGLE
-30.0 -8.0 30.0
-30.0 -8.0 35.0
-25.0 -8.0 35.0
1.0 1.0 0.0
0.2 0.2 0.2
0.0 0.0 0.0
0.0 0.0 0.0
1.5
256.0

TRIANGLE
-30.0 -8.0 35.0
-30.0 -8.0 40.0
-25.0 -8.0 40.0
1.0 0.0 0.0
0.2 0.2 0.2
0.0 0.0 0.0
0.0 0.0 0.0
1.5
256.0

TRIANGLE
-30.0 -8.0 40.0
-30.0 -8.0 45.0
-25.0 -8.0 45.0
1.0 1.0 0.0
0.2 0.2 0.2
0.0 0.0 0.0
0.0 0.0 0.0
1.5
256.0

TRIANGLE
-30.0 -8.0 45.0
-30.0 -8.0 50.0
-25.0 -8.0 50.0
1.0 0.0 0.0
0.2 0.2 0.2
0.0 0.0 0.0
0.0 0.0 0.0
1.5
256.0

TRIANGLE
-30.0 -8.0 50.0
-30.0 -8.0 55.0
-25.0 -8.0 55.0
1.0 1.0 0.0
0.2 0.2 0.2
0.0 0.0 0.0
0.0 0.0 0.0
1.5
256.0

TRIANGLE
-30.0 -8.0 55.0
-30.0 -8.0 60.0
-25.0 -8.0 60.0
1.0 0.0 0.0
0.2 0.2 0.2
0.0 0.0 0.0
0.0 0.0 0.0
1.5
256.0

TRIANGLE
-30.0 -8.0 60.0
-30.0 -8.0 65.0
-25.0 -8.0 65.0
1.0 1.0 0.0
0.2 0.2 0.2
0.0 0.0 0.0
0.0 0.0 0.0
1.5
256.0

TRIANGLE
-30.0 -8.0 65.0
-30.0 -8.0 70.0
-25.0 -8.0 70.0
1.0 0.0 0.0
0.2 0.2 0.2
0.0 0.0 0.0
0.0 0.0 0.0
1.5
256.0

TRIANGLE
-30.0 -8.0 70.0
-30.0 -8.0 75.0
-25.0 -8.0 75.0
1.0 1.0 0.0
0.2 0.2 0.2
0.0 0.0 0.0
0.0 0.0 0.0
1.5
256.0

TRIANGLE
-30.0 -8.0 75.0
-30.0 -8.0 80.0
-25.0 -8.0 80.0
1.0 0.0 0.0
0.2 0.2 0.2
0.0 0.0 0.0
0.0 0.0 0.0
1.5
256.0

TRIANGLE
-35.0 -8.0 0.0
-35.0 -8.0 5.0
-30.0 -8.0 5.0
1.0 0.0 0.0
0.2 0.2 0.2
0.0 0.0 0.0
0.0 0.0 0.0
1.5
256.0

TRIANGLE
-35.0 -8.0 5.0
-35.0 -8.0 10.0
-30.0 -8.0 10.0
1.0 1.0 0.0
0.2 0.2 0.2
0.0 0.0 0.0
0.0 0.0 0.0
1.5
256.0

TRIANGLE
-35.0 -8.0 10.0
-35.0 -8.0 15.0
-30.0 -8.0 15.0
1.0 0.0 0.0
0.2 0.2 0.2
0.0 0.0 0.0
0.0 0.0 0.0
1.5
256.0

TRIANGLE
-35.0 -8.0 15.0
-35.0 -8.0 20.0
-30.0 -8.0 20.0
1.0 1.0 0.0
0.2 0.2 0.2
0.0 0.0 0.0
0.0 0.0 0.0
1.5
256.0

TRIANGLE
-35.0 -8.0 20.0
-35.0 -8.0 25.0
-30.0 -8.0 25.0
1.0 0.0 0.0
0.2 0.2 0.2
0.0 0.0 0.0
0.0 0.0 0.0
1.5
256.0

TRIANGLE
-35.0 -8.0 25.0
-35.0 -8.0 30.0
-30.0 -8.0 30.0
1.0 1.0 0.0
0.2 0.2 0.2
0.0 0.0 0.0
0.0 0.0 0.0
1.5
256.0

TRIANGLE
-35.0 -8.0 30.0
-35.0 -8.0 35.0
-30.0 -8.0 35.0
1.0 0.0 0.0
0.2 0.2 0.2
0.0 0.0 0.0
0.0 0.0 0.0
1.5
256.0

TRIANGLE
-35.0 -8.0 35.0
-35.0 -8.0 40.0
-30.0 -8.0 40.0
1.0 1.0 0.0
0.2 0.2 0.2
0.0 0.0 0.0
0.0 0.0 0.0
1.5
256.0

TRIANGLE
-35.0 -8.0 40.0
-35.0 -8.0 45.0
-30.0 -8.0 45.0
1.0 0.0 0.0
0.2 0.2 0.2
0.0 0.0 0.0
0.0 0.0 0.0
1.5
256.0

TRIANGLE
-35.0 -8.0 45.0
-35.0 -8.0 50.0
-30.0 -8.0 50.0
1.0 1.0 0.0
0.2 0.2 0.2
0.0 0.0 0.0
0.0 0.0 0.0
1.5
256.0

TRIANGLE
-35.0 -8.0 50.0
-35.0 -8.0 55.0
-30.0 -8.0 55.0
1.0 0.0 0.0
0.2 0.2 0.2
0.0 0.0 0.0
0.0 0.0 0.0
1.5
256.0

TRIANGLE
-35.0 -8.0 55.0
-35.0 -8.0 60.0
-30.0 -8.0 60.0
1.0 1.0 0.0
0.2 0.2 0.2
0.0 0.0 0.0
0.0 0.0 0.0
1.5
256.0

TRIANGLE
-35.0 -8.0 60.0
-35.0 -8.0 65.0
-30.0 -8.0 65.0
1.0 0.0 0.0
0.2 0.2 0.2
0.0 0.0 0.0
0.0 0.0 0.0
1.5
256.0

TRIANGLE
-35.0 -8.0 65.0
-35.0 -8.0 70.0
-30.0 -8.0 70.0
1.0 1.0 0.0
0.2 0.2 0.2
0.0 0.0 0.0
0.0 0.0 0.0
1.5
256.0

TRIANGLE
-35.0 -8.0 70.0
-35.0 -8.0 75.0
-30.0 -8.0 75.0
1.0 0.0 0.0
0.2 0.2 0.2
0.0 0.0 0.0
0.0 0.0 0.0
1.5
256.0

TRIANGLE
-35.0 -8.0 75.0
-35.0 -8.0 80.0
-30.0 -8.0 80.0
1.0 1.0 0.0
0.2 0.2 0.2
0.0 0.0 0.0
0.0 0.0 0.0
1.5
256.0

TRIANGLE
-40.0 -8.0 0.0
-40.0 -8.0 5.0
-35.0 -8.0 5.0
1.0 1.0 0.0
0.2 0.2 0.2
0.0 0.0 0.0
0.0 0.0 0.0
1.5
256.0

TRIANGLE
-40.0 -8.0 5.0
-40.0 -8.0 10.0
-35.0 -8.0 10.0
1.0 0.0 0.0
0.2 0.2 0.2
0.0 0.0 0.0
0.0 0.0 0.0
1.5
256.0

TRIANGLE
-40.0 -8.0 10.0
-40.0 -8.0 15.0
-35.0 -8.0 15.0
1.0 1.0 0.0
0.2 0.2 0.2
0.0 0.0 0.0
0.0 0.0 0.0
1.5
256.0

TRIANGLE
-40.0 -8.0 15.0
-40.0 -8.0 20.0
-35.0 -8.0 20.0
1.0 0.0 0.0
0.2 0.2 0.2
0.0 0.0 0.0
0.0 0.0 0.0
1.5
256.0

TRIANGLE
-40.0 -8.0 20.0
-40.0 -8.0 25.0
-35.0 -8.0 25.0
1.0 1.0 0.0
0.2 0.2 0.2
0.0 0.0 0.0
0.0 0.0 0.0
1.5
256.0

TRIANGLE
-40.0 -8.0 25.0
-40.0 -8.0 30.0
-35.0 -8.0 30.0
1.0 0.0 0.0
0.2 0.2 0.2
0.0 0.0 0.0
0.0 0.0 0.0
1.5
256.0

TRIANGLE
-40.0 -8.0 30.0
-40.0 -8.0 35.0
-35.0 -8.0 35.0
1.0 1.0 0.0
0.2 0.2 0.2
0.0 0.0 0.0
0.0 0.0 0.0
1.5
256.0

TRIANGLE
-40.0 -8.0 35.0
-40.0 -8.0 40.0
-35.0 -8.0 40.0
1.0 0.0 0.0
0.2 0.2 0.2
0.0 0.0 0.0
0.0 0.0 0.0
1.5
256.0

TRIANGLE
-40.0 -8.0 40.0
-40.0 -8.0 45.0
-35.0 -8.0 45.0
1.0 1.0 0.0
0.2 0.2 0.2
0.0 0.0 0.0
0.0 0.0 0.0
1.5
256.0

TRIANGLE
-40.0 -8.0 45.0
-40.0 -8.0 50.0
-35.0 -8.0 50.0
1.0 0.0 0.0
0.2 0.2 0.2
0.0 0.0 0.0
0.0 0.0 0.0
1.5
256.0

TRIANGLE
-40.0 -8.0 50.0
-40.0 -8.0 55.0
-35.0 -8.0 55.0
1.0 1.0 0.0
0.2 0.2 0.2
0.0 0.0 0.0
0.0 0.0 0.0
1.5
256.0

TRIANGLE
-40.0 -8.0 55.0
-40.0 -8.0 60.0
-35.0 -8.0 60.0
1.0 0.0 0.0
0.2 0.2 0.2
0.0 0.0 0.0
0.0 0.0 0.0
1.5
256.0

TRIANGLE
-40.0 -8.0 60.0
-40.0 -8.0 65.0
-35.0 -8.0 65.0
1.0 1.0 0.0
0.2 0.2 0.2
0.0 0.0 0.0
0.0 0.0 0.0
1.5
256.0

TRIANGLE
-40.0 -8.0 65.0
-40.0 -8.0 70.0
-35.0 -8.0 70.0
1.0 0.0 0.0
0.2 0.2 0.2
0.0 0.0 0.0
0.0 0.0 0.0
1.5
256.0

TRIANGLE
-40.0 -8.0 70.0
-40.0 -8.0 75.0
-35.0 -8.0 75.0
1.0 1.0 0.0
0.2 0.2 0.2
0.0 0.0 0.0
0.0 0.0 0.0
1.5
256.0

TRIANGLE
-40.0 -8.0 75.0
-40.0 -8.0 80.0
-35.0 -8.0 80.0
1.0 0.0 0.0
0.2 0.2 0.2
0.0 0.0 0.0
0.0 0.0 0.0
1.5
256.0

TRIANGLE
-45.0 -8.0 0.0
-45.0 -8.0 5.0
-40.0 -8.0 5.0
1.0 0.0 0.0
0.2 0.2 0.2
0.0 0.0 0.0
0.0 0.0 0.0
1.5
256.0

TRIANGLE
-45.0 -8.0 5.0
-45.0 -8.0 10.0
-40.0 -8.0 10.0
1.0 1.0 0.0
0.2 0.2 0.2
0.0 0.0 0.0
0.0 0.0 0.0
1.5
256.0

TRIANGLE
-45.0 -8.0 10.0
-45.0 -8.0 15.0
-40.0 -8.0 15.0
1.0 0.0 0.0
0.2 0.2 0.2
0.0 0.0 0.0
0.0 0.0 0.0
1.5
256.0

TRIANGLE
-45.0 -8.0 15.0
-45.0 -8.0 20.0
-40.0 -8.0 20.0
1.0 1.0 0.0
0.2 0.2 0.2
0.0 0.0 0.0
0.0 0.0 0.0
1.5
256.0

TRIANGLE
-45.0 -8.0 20.0
-45.0 -8.0 25.0
-40.0 -8.0 25.0
1.0 0.0 0.0
0.2 0.2 0.2
0.0 0.0 0.0
0.0 0.0 0.0
1.5
256.0

TRIANGLE
-45.0 -8.0 25.0
-45.0 -8.0 30.0
-40.0 -8.0 30.0
1.0 1.0 0.0
0.2 0.2 0.2
0.0 0.0 0.0
0.0 0.0 0.0
1.5
256.0

TRIANGLE
-45.0 -8.0 30.0
-45.0 -8.0 35.0
-40.0 -8.0 35.0
1.0 0.0 0.0
0.2 0.2 0.2
0.0 0.0 0.0
0.0 0.0 0.0
1.5
256.0

TRIANGLE
-45.0 -8.0 35.0
-45.0 -8.0 40.0
-40.0 -8.0 40.0
1.0 1.0 0.0
0.2 0.2 0.2
0.0 0.0 0.0
0.0 0.0 0.0
1.5
256.0

TRIANGLE
-45.0 -8.0 40.0
-45.0 -8.0 45.0
-40.0 -8.0 45.0
1.0 0.0 0.0
0.2 0.2 0.2
0.0 0.0 0.0
0.0 0.0 0.0
1.5
256.0

TRIANGLE
-45.0 -8.0 45.0
-45.0 -8.0 50.0
-40.0 -8.0 50.0
1.0 1.0 0.0
0.2 0.2 0.2
0.0 0.0 0.0
0.0 0.0 0.0
1.5
256.0

TRIANGLE
-45.0 -8.0 50.0
-45.0 -8.0 55.0
-40.0 -8.0 55.0
1.0 0.0 0.0
0.2 0.2 0.2
0.0 0.0 0.0
0.0 0.0 0.0
1.5
256.0

TRIANGLE
-45.0 -8.0 55.0
-45.0 -8.0 60.0
-40.0 -8.0 60.0
1.0 1.0 0.0
0.2 0.2 0.2
0.0 0.0 0.0
0.0 0.0 0.0
1.5
256.0

TRIANGLE
-45.0 -8.0 60.0
-45.0 -8.0 65.0
-40.0 -8.0 65.0
1.0 0.0 0.0
0.2 0.2 0.2
0.0 0.0 0.0
0.0 0.0 0.0
1.5
256.0

TRIANGLE
-45.0 -8.0 65.0
-45.0 -8.0 70.0
-40.0 -8.0 70.0
1.0 1.0 0.0
0.2 0.2 0.2
0.0 0.0 0.0
0.0 0.0 0.0
1.5
256.0

TRIANGLE
-45.0 -8.0 70.0
-45.0 -8.0 75.0
-40.0 -8.0 75.0
1.0 0.0 0.0
0.2 0.2 0.2
0.0 0.0 0.0
0.0 0.0 0.0
1.5
256.0

TRIANGLE
-45.0 -8.0 75.0
-45.0 -8.0 80.0
-40.0 -8.0 80.0
1.0 1.0 0.0
0.2 0.2 0.2
0.0 0.0 0.0
0.0 0.0 0.0
1.5
256.0

TRIANGLE
-50.0 -8.0 0.0
-50.0 -8.0 5.0
-45.0 -8.0 5.0
1.0 1.0 0.0
0.2 0.2 0.2
0.0 0.0 0.0
0.0 0.0 0.0
1.5
256.0

TRIANGLE
-50.0 -8.0 5.0
-50.0 -8.0 10.0
-45.0 -8.0 10.0
1.0 0.0 0.0
0.2 0.2 0.2
0.0 0.0 0.0
0.0 0.0 0.0
1.5
256.0

TRIANGLE
-50.0 -8.0 10.0
-50.0 -8.0 15.0
-45.0 -8.0 15.0
1.0 1.0 0.0
0.2 0.2 0.2
0.0 0.0 0.0
0.0 0.0 0.0
1.5
256.0

TRIANGLE
-50.0 -8.0 15.0
-50.0 -8.0 20.0
-45.0 -8.0 20.0
1.0 0.0 0.0
0.2 0.2 0.2
0.0 0.0 0.0
0.0 0.0 0.0
1.5
256.0

TRIANGLE
-50.0 -8.0 20.0
-50.0 -8.0 25.0
-45.0 -8.0 25.0
1.0 1.0 0.0
0.2 0.2 0.2
0.0 0.0 0.0
0.0 0.0 0.0
1.5
256.0

TRIANGLE
-50.0 -8.0 25.0
-50.0 -8.0 30.0
-45.0 -8.0 30.0
1.0 0.0 0.0
0.2 0.2 0.2
0.0 0.0 0.0
0.0 0.0 0.0
1.5
256.0

TRIANGLE
-50.0 -8.0 30.0
-50.0 -8.0 35.0
-45.0 -8.0 35.0
1.0 1.0 0.0
0.2 0.2 0.2
0.0 0.0 0.0
0.0 0.0 0.0
1.5
256.0

TRIANGLE
-50.0 -8.0 35.0
-50.0 -8.0 40.0
-45.0 -8.0 40.0
1.0 0.0 0.0
0.2 0.2 0.2
0.0 0.0 0.0
0.0 0.0 0.0
1.5
256.0

TRIANGLE
-50.0 -8.0 40.0
-50.0 -8.0 45.0
-45.0 -8.0 45.0
1.0 1.0 0.0
0.2 0.2 0.2
0.0 0.0 0.0
0.0 0.0 0.0
1.5
256.0

TRIANGLE
-50.0 -8.0 45.0
-50.0 -8.0 50.0
-45.0 -8.0 50.0
1.0 0.0 0.0
0.2 0.2 0.2
0.0 0.0 0.0
0.0 0.0 0.0
1.5
256.0

TRIANGLE
-50.0 -8.0 50.0
-50.0 -8.0 55.0
-45.0 -8.0 55.0
1.0 1.0 0.0
0.2 0.2 0.2
0.0 0.0 0.0
0.0 0.0 0.0
1.5
256.0

TRIANGLE
-50.0 -8.0 55.0
-50.0 -8.0 60.0
-45.0 -8.0 60.0
1.0 0.0 0.0
0.2 0.2 0.2
0.0 0.0 0.0
0.0 0.0 0.0
1.5
256.0

TRIANGLE
-50.0 -8.0 60.0
-50.0 -8.0 65.0
-45.0 -8.0 65.0
1.0 1.0 0.0
0.2 0.2 0.2
0.0 0.0 0.0
0.0 0.0 0.0
1.5
256.0

TRIANGLE
-50.0 -8.0 65.0
-50.0 -8.0 70.0
-45.0 -8.0 70.0
1.0 0.0 0.0
0.2 0.2 0.2
0.0 0.0 0.0
0.0 0.0 0.0
1.5
256.0

TRIANGLE
-50.0 -8.0 70.0
-50.0 -8.0 75.0
-45.0 -8.0 75.0
1.0 1.0 0.0
0.2 0.2 0.2
0.0 0.0 0.0
0.0 0.0 0.0
1.5
256.0

TRIANGLE
-50.0 -8.0 75.0
-50.0 -8.0 80.0
-45.0 -8.0 80.0
1.0 0.0 0.0
0.2 0.2 0.2
0.0 0.0 0.0
0.0 0.0 0.0
1.5
256.0

TRIANGLE
-55.0 -8.0 0.0
-55.0 -8.0 5.0
-50.0 -8.0 5.0
1.0 0.0 0.0
0.2 0.2 0.2
0.0 0.0 0.0
0.0 0.0 0.0
1.5
256.0

TRIANGLE
-55.0 -8.0 5.0
-55.0 -8.0 10.0
-50.0 -8.0 10.0
1.0 1.0 0.0
0.2 0.2 0.2
0.0 0.0 0.0
0.0 0.0 0.0
1.5
256.0

TRIANGLE
-55.0 -8.0 10.0
-55.0 -8.0 15.0
-50.0 -8.0 15.0
1.0 0.0 0.0
0.2 0.2 0.2
0.0 0.0 0.0
0.0 0.0 0.0
1.5
256.0

TRIANGLE
-55.0 -8.0 15.0
-55.0 -8.0 20.0
-50.0 -8.0 20.0
1.0 1.0 0.0
0.2 0.2 0.2
0.0 0.0 0.0
0.0 0.0 0.0
1.5
256.0

TRIANGLE
-55.0 -8.0 20.0
-55.0 -8.0 25.0
-50.0 -8.0 25.0
1.0 0.0 0.0
0.2 0.2 0.2
0.0 0.0 0.0
0.0 0.0 0.0
1.5
256.0

TRIANGLE
-55.0 -8.0 25.0
-55.0 -8.0 30.0
-50.0 -8.0 30.0
1.0 1.0 0.0
0.2 0.2 0.2
0.0 0.0 0.0
0.0 0.0 0.0
1.5
256.0

TRIANGLE
-55.0 -8.0 30.0
-55.0 -8.0 35.0
-50.0 -8.0 35.0
1.0 0.0 0.0
0.2 0.2 0.2
0.0 0.0 0.0
0.0 0.0 0.0
1.5
256.0

TRIANGLE
-55.0 -8.0 35.0
-55.0 -8.0 40.0
-50.0 -8.0 40.0
1.0 1.0 0.0
0.2 0.2 0.2
0.0 0.0 0.0
0.0 0.0 0.0
1.5
256.0

TRIANGLE
-55.0 -8.0 40.0
-55.0 -8.0 45.0
-50.0 -8.0 45.0
1.0 0.0 0.0
0.2 0.2 0.2
0.0 0.0 0.0
0.0 0.0 0.0
1.5
256.0

TRIANGLE
-55.0 -8.0 45.0
-55.0 -8.0 50.0
-50.0 -8.0 50.0
1.0 1.0 0.0
0.2 0.2 0.2
0.0 0.0 0.0
0.0 0.0 0.0
1.5
256.0

TRIANGLE
-55.0 -8.0 50.0
-55.0 -8.0 55.0
-50.0 -8.0 55.0
1.0 0.0 0.0
0.2 0.2 0.2
0.0 0.0 0.0
0.0 0.0 0.0
1.5
256.0

TRIANGLE
-55.0 -8.0 55.0
-55.0 -8.0 60.0
-50.0 -8.0 60.0
1.0 1.0 0.0
0.2 0.2 0.2
0.0 0.0 0.0
0.0 0.0 0.0
1.5
256.0

TRIANGLE
-55.0 -8.0 60.0
-55.0 -8.0 65.0
-50.0 -8.0 65.0
1.0 0.0 0.0
0.2 0.2 0.2
0.0 0.0 0.0
0.0 0.0 0.0
1.5
256.0

TRIANGLE
-55.0 -8.0 65.0
-55.0 -8.0 70.0
-50.0 -8.0 70.0
1.0 1.0 0.0
0.2 0.2 0.2
0.0 0.0 0.0
0.0 0.0 0.0
1.5
256.0

TRIANGLE
-55.0 -8.0 70.0
-55.0 -8.0 75.0
-50.0 -8.0 75.0
1.0 0.0 0.0
0.2 0.2 0.2
0.0 0.0 0.0
0.0 0.0 0.0
1.5
256.0

TRIANGLE
-55.0 -8.0 75.0
-55.0 -8.0 80.0
-50.0 -8.0 80.0
1.0 1.0 0.0
0.2 0.2 0.2
0.0 0.0 0.0
0.0 0.0 0.0
1.5
256.0

TRIANGLE
-60.0 -8.0 0.0
-60.0 -8.0 5.0
-55.0 -8.0 5.0
1.0 1.0 0.0
0.2 0.2 0.2
0.0 0.0 0.0
0.0 0.0 0.0
1.5
256.0

TRIANGLE
-60.0 -8.0 5.0
-60.0 -8.0 10.0
-55.0 -8.0 10.0
1.0 0.0 0.0
0.2 0.2 0.2
0.0 0.0 0.0
0.0 0.0 0.0
1.5
256.0

TRIANGLE
-60.0 -8.0 10.0
-60.0 -8.0 15.0
-55.0 -8.0 15.0
1.0 1.0 0.0
0.2 0.2 0.2
0.0 0.0 0.0
0.0 0.0 0.0
1.5
256.0

TRIANGLE
-60.0 -8.0 15.0
-60.0 -8.0 20.0
-55.0 -8.0 20.0
1.0 0.0 0.0
0.2 0.2 0.2
0.0 0.0 0.0
0.0 0.0 0.0
1.5
256.0

TRIANGLE
-60.0 -8.0 20.0
-60.0 -8.0 25.0
-55.0 -8.0 25.0
1.0 1.0 0.0
0.2 0.2 0.2
0.0 0.0 0.0
0.0 0.0 0.0
1.5
256.0

TRIANGLE
-60.0 -8.0 25.0
-60.0 -8.0 30.0
-55.0 -8.0 30.0
1.0 0.0 0.0
0.2 0.2 0.2
0.0 0.0 0.0
0.0 0.0 0.0
1.5
256.0

TRIANGLE
-60.0 -8.0 30.0
-60.0 -8.0 35.0
-55.0 -8.0 35.0
1.0 1.0 0.0
0.2 0.2 0.2
0.0 0.0 0.0
0.0 0.0 0.0
1.5
256.0

TRIANGLE
-60.0 -8.0 35.0
-60.0 -8.0 40.0
-55.0 -8.0 40.0
1.0 0.0 0.0
0.2 0.2 0.2
0.0 0.0 0.0
0.0 0.0 0.0
1.5
256.0

TRIANGLE
-60.0 -8.0 40.0
-60.0 -8.0 45.0
-55.0 -8.0 45.0
1.0 1.0 0.0
0.2 0.2 0.2
0.0 0.0 0.0
0.0 0.0 0.0
1.5
256.0

TRIANGLE
-60.0 -8.0 45.0
-60.0 -8.0 50.0
-55.0 -8.0 50.0
1.0 0.0 0.0
0.2 0.2 0.2
0.0 0.0 0.0
0.0 0.0 0.0
1.5
256.0

TRIANGLE
-60.0 -8.0 50.0
-60.0 -8.0 55.0
-55.0 -8.0 55.0
1.0 1.0 0.0
0.2 0.2 0.2
0.0 0.0 0.0
0.0 0.0 0.0
1.5
256.0

TRIANGLE
-60.0 -8.0 55.0
-60.0 -8.0 60.0
-55.0 -8.0 60.0
1.0 0.0 0.0
0.2 0.2 0.2
0.0 0.0 0.0
0.0 0.0 0.0
1.5
256.0

TRIANGLE
-60.0 -8.0 60.0
-60.0 -8.0 65.0
-55.0 -8.0 65.0
1.0 1.0 0.0
0.2 0.2 0.2
0.0 0.0 0.0
0.0 0.0 0.0
1.5
256.0

TRIANGLE
-60.0 -8.0 65.0
-60.0 -8.0 70.0
-55.0 -8.0 70.0
1.0 0.0 0.0
0.2 0.2 0.2
0.0 0.0 0.0
0.0 0.0 0.0
1.5
256.0

TRIANGLE
-60.0 -8.0 70.0
-60.0 -8.0 75.0
-55.0 -8.0 75.0
1.0 1.0 0.0
0.2 0.2 0.2
0.0 0.0 0.0
0.0 0.0 0.0
1.5
256.0

TRIANGLE
-60.0 -8.0 75.0
-60.0 -8.0 80.0
-55.0 -8.0 80.0
1.0 0.0 0.0
0.2 0.2 0.2
0.0 0.0 0.0
0.0 0.0 0.0
1.5
256.0

TRIANGLE
-65.0 -8.0 0.0
-65.0 -8.0 5.0
-60.0 -8.0 5.0
1.0 0.0 0.0
0.2 0.2 0.2
0.0 0.0 0.0
0.0 0.0 0.0
1.5
256.0

TRIANGLE
-65.0 -8.0 5.0
-65.0 -8.0 10.0
-60.0 -8.0 10.0
1.0 1.0 0.0
0.2 0.2 0.2
0.0 0.0 0.0
0.0 0.0 0.0
1.5
256.0

TRIANGLE
-65.0 -8.0 10.0
-65.0 -8.0 15.0
-60.0 -8.0 15.0
1.0 0.0 0.0
0.2 0.2 0.2
0.0 0.0 0.0
0.0 0.0 0.0
1.5
256.0

TRIANGLE
-65.0 -8.0 15.0
-65.0 -8.0 20.0
-60.0 -8.0 20.0
1.0 1.0 0.0
0.2 0.2 0.2
0.0 0.0 0.0
0.0 0.0 0.0
1.5
256.0

TRIANGLE
-65.0 -8.0 20.0
-65.0 -8.0 25.0
-60.0 -8.0 25.0
1.0 0.0 0.0
0.2 0.2 0.2
0.0 0.0 0.0
0.0 0.0 0.0
1.5
256.0

TRIANGLE
-65.0 -8.0 25.0
-65.0 -8.0 30.0
-60.0 -8.0 30.0
1.0 1.0 0.0
0.2 0.2 0.2
0.0 0.0 0.0
0.0 0.0 0.0
1.5
256.0

TRIANGLE
-65.0 -8.0 30.0
-65.0 -8.0 35.0
-60.0 -8.0 35.0
1.0 0.0 0.0
0.2 0.2 0.2
0.0 0.0 0.0
0.0 0.0 0.0
1.5
256.0

TRIANGLE
-65.0 -8.0 35.0
-65.0 -8.0 40.0
-60.0 -8.0 40.0
1.0 1.0 0.0
0.2 0.2 0.2
0.0 0.0 0.0
0.0 0.0 0.0
1.5
256.0

TRIANGLE
-65.0 -8.0 40.0
-65.0 -8.0 45.0
-60.0 -8.0 45.0
1.0 0.0 0.0
0.2 0.2 0.2
0.0 0.0 0.0
0.0 0.0 0.0
1.5
256.0

TRIANGLE
-65.0 -8.0 45.0
-65.0 -8.0 50.0
-60.0 -8.0 50.0
1.0 1.0 0.0
0.2 0.2 0.2
0.0 0.0 0.0
0.0 0.0 0.0
1.5
256.0

TRIANGLE
-65.0 -8.0 50.0
-65.0 -8.0 55.0
-60.0 -8.0 55.0
1.0 0.0 0.0
0.2 0.2 0.2
0.0 0.0 0.0
0.0 0.0 0.0
1.5
256.0

TRIANGLE
-65.0 -8.0 55.0
-65.0 -8.0 60.0
-60.0 -8.0 60.0
1.0 1.0 0.0
0.2 0.2 0.2
0.0 0.0 0.0
0.0 0.0 0.0
1.5
256.0

TRIANGLE
-65.0 -8.0 60.0
-65.0 -8.0 65.0
-60.0 -8.0 65.0
1.0 0.0 0.0
0.2 0.2 0.2
0.0 0.0 0.0
0.0 0.0 0.0
1.5
256.0

TRIANGLE
-65.0 -8.0 65.0
-65.0 -8.0 70.0
-60.0 -8.0 70.0
1.0 1.0 0.0
0.2 0.2 0.2
0.0 0.0 0.0
0.0 0.0 0.0
1.5
256.0

TRIANGLE
-65.0 -8.0 70.0
-65.0 -8.0 75.0
-60.0 -8.0 75.0
1.0 0.0 0.0
0.2 0.2 0.2
0.0 0.0 0.0
0.0 0.0 0.0
1.5
256.0

TRIANGLE
-65.0 -8.0 75.0
-65.0 -8.0 80.0
-60.0 -8.0 80.0
1.0 1.0 0.0
0.2 0.2 0.2
0.0 0.0 0.0
0.0 0.0 0.0
1.5
256.0

TRIANGLE
-70.0 -8.0 0.0
-70.0 -8.0 5.0
-65.0 -8.0 5.0
1.0 1.0 0.0
0.2 0.2 0.2
0.0 0.0 0.0
0.0 0.0 0.0
1.5
256.0

TRIANGLE
-70.0 -8.0 5.0
-70.0 -8.0 10.0
-65.0 -8.0 10.0
1.0 0.0 0.0
0.2 0.2 0.2
0.0 0.0 0.0
0.0 0.0 0.0
1.5
256.0

TRIANGLE
-70.0 -8.0 10.0
-70.0 -8.0 15.0
-65.0 -8.0 15.0
1.0 1.0 0.0
0.2 0.2 0.2
0.0 0.0 0.0
0.0 0.0 0.0
1.5
256.0

TRIANGLE
-70.0 -8.0 15.0
-70.0 -8.0 20.0
-65.0 -8.0 20.0
1.0 0.0 0.0
0.2 0.2 0.2
0.0 0.0 0.0
0.0 0.0 0.0
1.5
256.0

TRIANGLE
-70.0 -8.0 20.0
-70.0 -8.0 25.0
-65.0 -8.0 25.0
1.0 1.0 0.0
0.2 0.2 0.2
0.0 0.0 0.0
0.0 0.0 0.0
1.5
256.0

TRIANGLE
-70.0 -8.0 25.0
-70.0 -8.0 30.0
-65.0 -8.0 30.0
1.0 0.0 0.0
0.2 0.2 0.2
0.0 0.0 0.0
0.0 0.0 0.0
1.5
256.0

TRIANGLE
-70.0 -8.0 30.0
-70.0 -8.0 35.0
-65.0 -8.0 35.0
1.0 1.0 0.0
0.2 0.2 0.2
0.0 0.0 0.0
0.0 0.0 0.0
1.5
256.0

TRIANGLE
-70.0 -8.0 35.0
-70.0 -8.0 40.0
-65.0 -8.0 40.0
1.0 0.0 0.0
0.2 0.2 0.2
0.0 0.0 0.0
0.0 0.0 0.0
1.5
256.0

TRIANGLE
-70.0 -8.0 40.0
-70.0 -8.0 45.0
-65.0 -8.0 45.0
1.0 1.0 0.0
0.2 0.2 0.2
0.0 0.0 0.0
0.0 0.0 0.0
1.5
256.0

TRIANGLE
-70.0 -8.0 45.0
-70.0 -8.0 50.0
-65.0 -8.0 50.0
1.0 0.0 0.0
0.2 0.2 0.2
0.0 0.0 0.0
0.0 0.0 0.0
1.5
256.0

TRIANGLE
-70.0 -8.0 50.0
-70.0 -8.0 55.0
-65.0 -8.0 55.0
1.0 1.0 0.0
0.2 0.2 0.2
0.0 0.0 0.0
0.0 0.0 0.0
1.5
256.0

TRIANGLE
-70.0 -8.0 55.0
-70.0 -8.0 60.0
-65.0 -8.0 60.0
1.0 0.0 0.0
0.2 0.2 0.2
0.0 0.0 0.0
0.0 0.0 0.0
1.5
256.0

TRIANGLE
-70.0 -8.0 60.0
-70.0 -8.0 65.0
-65.0 -8.0 65.0
1.0 1.0 0.0
0.2 0.2 0.2
0.0 0.0 0.0
0.0 0.0 0.0
1.5
256.0

TRIANGLE
-70.0 -8.0 65.0
-70.0 -8.0 70.0
-65.0 -8.0 70.0
1.0 0.0 0.0
0.2 0.2 0.2
0.0 0.0 0.0
0.0 0.0 0.0
1.5
256.0

TRIANGLE
-70.0 -8.0 70.0
-70.0 -8.0 75.0
-65.0 -8.0 75.0
1.0 1.0 0.0
0.2 0.2 0.2
0.0 0.0 0.0
0.0 0.0 0.0
1.5
256.0

TRIANGLE
-70.0 -8.0 75.0
-70.0 -8.0 80.0
-65.0 -8.0 80.0
1.0 0.0 0.0
0.2 0.2 0.2
0.0 0.0 0.0
0.0 0.0 0.0
1.5
256.0

MAX_DEPTH
2
